Iteration	Avg_Total_Reward	Avg_Reward_User_0	Avg_Reward_User_1	Avg_Reward_User_2	Avg_Reward_User_3	Avg_Reward_User_4	Avg_Reward_User_5	Avg_Reward_User_6	Avg_Reward_User_7	Packet_Loss_Ratio_User_0	Packet_Loss_Ratio_User_1	Packet_Loss_Ratio_User_2	Packet_Loss_Ratio_User_3	Packet_Loss_Ratio_User_4	Packet_Loss_Ratio_User_5	Packet_Loss_Ratio_User_6	Packet_Loss_Ratio_User_7	Avg_Loss_User_0	Avg_Loss_User_1	Avg_Loss_User_2	Avg_Loss_User_3	Avg_Loss_User_4	Avg_Loss_User_5	Avg_Loss_User_6	Avg_Loss_User_7
1000	6.1520	0.8130	0.7310	0.7450	0.7680	0.7140	0.7530	0.9020	0.7260	0.7506	0.7901	0.7916	0.7674	0.7883	0.7713	0.7228	0.7784	1.843940	1.852329	1.943114	1.788008	1.872078	1.849907	1.904626	1.820025
2000	7.7165	0.9800	0.9365	0.9425	0.9655	0.9485	0.9500	1.0550	0.9385	0.6872	0.7020	0.7105	0.6952	0.6969	0.7022	0.6655	0.6999	1.887366	1.849966	1.940568	1.834332	1.865468	1.851037	1.926884	1.838639
3000	8.7170	1.0913	1.0700	1.0650	1.0890	1.0973	1.0827	1.1573	1.0643	0.6463	0.6483	0.6649	0.6484	0.6459	0.6558	0.6250	0.6515	1.920429	1.870313	1.952262	1.885051	1.881519	1.878773	1.947466	1.836622
4000	9.3045	1.1487	1.1530	1.1635	1.1550	1.1732	1.1587	1.2123	1.1400	0.6288	0.6176	0.6296	0.6240	0.6168	0.6267	0.6051	0.6241	1.935484	1.882090	1.951395	1.907414	1.891304	1.894194	1.958095	1.777602
5000	9.6850	1.2052	1.2060	1.2098	1.2120	1.2140	1.1970	1.2500	1.1910	0.6095	0.5997	0.6117	0.6039	0.5977	0.6123	0.5914	0.6064	1.930091	1.877967	1.941514	1.906663	1.888248	1.862051	1.952643	1.716026
6000	9.9643	1.2368	1.2413	1.2470	1.2490	1.2495	1.2363	1.2762	1.2282	0.5977	0.5881	0.5984	0.5897	0.5851	0.5984	0.5808	0.5922	1.904441	1.837793	1.908620	1.875340	1.880463	1.803630	1.927391	1.667207
7000	10.1651	1.2643	1.2649	1.2731	1.2744	1.2717	1.2650	1.2990	1.2527	0.5869	0.5783	0.5887	0.5799	0.5766	0.5882	0.5737	0.5862	1.854082	1.785486	1.852137	1.822911	1.842413	1.750591	1.876131	1.626721
8000	10.2944	1.2777	1.2810	1.2876	1.2969	1.2868	1.2836	1.3099	1.2709	0.5825	0.5725	0.5809	0.5719	0.5717	0.5816	0.5668	0.5804	1.804615	1.740130	1.800381	1.776161	1.795609	1.707623	1.823408	1.593786
9000	10.4064	1.2914	1.2993	1.2992	1.3109	1.2959	1.2959	1.3250	1.2888	0.5773	0.5670	0.5759	0.5681	0.5679	0.5755	0.5628	0.5737	1.760127	1.700674	1.755579	1.734942	1.751814	1.669723	1.777066	1.565009
10000	10.4813	1.3017	1.3100	1.3034	1.3210	1.3051	1.3064	1.3333	1.3004	0.5730	0.5624	0.5745	0.5635	0.5659	0.5706	0.5592	0.5701	1.723218	1.668762	1.718813	1.700555	1.715554	1.639174	1.738321	1.541417
11000	10.5666	1.3100	1.3211	1.3191	1.3285	1.3169	1.3181	1.3388	1.3142	0.5693	0.5594	0.5690	0.5620	0.5623	0.5665	0.5581	0.5657	1.899512	1.856726	1.905118	1.879708	1.902741	1.823208	1.911397	1.724157
12000	10.6211	1.3168	1.3303	1.3273	1.3350	1.3217	1.3237	1.3447	1.3215	0.5672	0.5559	0.5656	0.5598	0.5598	0.5636	0.5553	0.5637	1.900008	1.860511	1.890836	1.883308	1.889444	1.832323	1.894215	1.738959
13000	10.6672	1.3231	1.3378	1.3303	1.3426	1.3294	1.3312	1.3485	1.3243	0.5649	0.5536	0.5640	0.5578	0.5568	0.5613	0.5534	0.5615	1.874129	1.837584	1.863803	1.860667	1.860289	1.811362	1.865252	1.726537
14000	10.7174	1.3302	1.3451	1.3348	1.3454	1.3378	1.3392	1.3538	1.3311	0.5618	0.5506	0.5617	0.5563	0.5530	0.5589	0.5517	0.5588	1.845932	1.812574	1.835947	1.835174	1.830830	1.787713	1.836550	1.709956
15000	10.7605	1.3343	1.3516	1.3400	1.3515	1.3431	1.3443	1.3569	1.3387	0.5606	0.5487	0.5601	0.5536	0.5512	0.5569	0.5507	0.5569	1.820196	1.789864	1.811009	1.812165	1.804491	1.765775	1.810905	1.694514
16000	10.7952	1.3407	1.3594	1.3411	1.3538	1.3464	1.3497	1.3612	1.3430	0.5584	0.5453	0.5584	0.5534	0.5507	0.5551	0.5489	0.5549	1.796312	1.769083	1.787996	1.790785	1.780619	1.745227	1.787686	1.679392
17000	10.8291	1.3445	1.3655	1.3442	1.3567	1.3498	1.3541	1.3662	1.3481	0.5575	0.5436	0.5568	0.5533	0.5498	0.5533	0.5475	0.5523	1.773546	1.749139	1.766835	1.769738	1.757829	1.725433	1.765137	1.664268
18000	10.8613	1.3526	1.3672	1.3496	1.3591	1.3514	1.3586	1.3717	1.3511	0.5553	0.5428	0.5539	0.5523	0.5500	0.5510	0.5456	0.5509	1.753746	1.732113	1.748694	1.751241	1.738357	1.708995	1.746200	1.651012
19000	10.8808	1.3558	1.3712	1.3519	1.3632	1.3533	1.3606	1.3734	1.3514	0.5540	0.5421	0.5529	0.5509	0.5499	0.5497	0.5452	0.5509	1.734671	1.715685	1.731177	1.733748	1.719675	1.692878	1.727829	1.637211
20000	10.8923	1.3581	1.3720	1.3553	1.3636	1.3562	1.3618	1.3741	1.3512	0.5529	0.5421	0.5513	0.5500	0.5484	0.5497	0.5437	0.5510	1.716683	1.700164	1.714421	1.716749	1.702326	1.677787	1.710624	1.624054
21000	10.9094	1.3597	1.3737	1.3580	1.3643	1.3592	1.3660	1.3758	1.3526	0.5520	0.5418	0.5501	0.5498	0.5476	0.5488	0.5431	0.5505	1.793013	1.780417	1.795620	1.788693	1.781169	1.755449	1.791183	1.703563
22000	10.9215	1.3609	1.3750	1.3600	1.3656	1.3604	1.3662	1.3775	1.3559	0.5513	0.5409	0.5493	0.5498	0.5466	0.5480	0.5420	0.5489	1.793526	1.782414	1.797380	1.792426	1.780955	1.760026	1.792669	1.707961
23000	10.9332	1.3643	1.3753	1.3602	1.3689	1.3619	1.3650	1.3794	1.3582	0.5500	0.5417	0.5486	0.5490	0.5461	0.5489	0.5411	0.5481	1.783576	1.773340	1.788067	1.784091	1.771718	1.751636	1.782563	1.702435
24000	10.9465	1.3653	1.3763	1.3619	1.3707	1.3629	1.3682	1.3818	1.3594	0.5491	0.5413	0.5479	0.5487	0.5458	0.5479	0.5405	0.5483	1.771971	1.762515	1.777411	1.773649	1.760957	1.741620	1.770742	1.694825
25000	10.9632	1.3662	1.3776	1.3641	1.3744	1.3644	1.3706	1.3844	1.3614	0.5487	0.5406	0.5477	0.5477	0.5457	0.5469	0.5398	0.5479	1.759874	1.751451	1.766111	1.762471	1.749528	1.730678	1.758563	1.685520
26000	10.9764	1.3677	1.3798	1.3670	1.3752	1.3657	1.3712	1.3863	1.3635	0.5477	0.5400	0.5468	0.5480	0.5455	0.5466	0.5389	0.5473	1.747372	1.740219	1.754610	1.751097	1.738112	1.719776	1.746243	1.675635
27000	10.9812	1.3667	1.3827	1.3667	1.3755	1.3672	1.3703	1.3873	1.3649	0.5475	0.5389	0.5469	0.5479	0.5452	0.5459	0.5385	0.5472	1.735333	1.729369	1.743035	1.739513	1.727141	1.708688	1.734753	1.666032
28000	10.9945	1.3687	1.3839	1.3681	1.3776	1.3691	1.3713	1.3903	1.3656	0.5465	0.5385	0.5458	0.5470	0.5446	0.5460	0.5375	0.5470	1.723656	1.719145	1.731651	1.728693	1.716617	1.698250	1.723614	1.656723
29000	11.0095	1.3704	1.3846	1.3717	1.3788	1.3707	1.3746	1.3917	1.3671	0.5461	0.5385	0.5451	0.5464	0.5445	0.5456	0.5371	0.5465	1.712638	1.709182	1.720452	1.718089	1.706474	1.688134	1.712979	1.647541
30000	11.0217	1.3708	1.3866	1.3726	1.3798	1.3727	1.3757	1.3939	1.3697	0.5457	0.5381	0.5450	0.5453	0.5442	0.5448	0.5365	0.5456	1.702189	1.700030	1.710464	1.708324	1.697365	1.678872	1.703183	1.638977
31000	11.0315	1.3724	1.3877	1.3742	1.3798	1.3751	1.3764	1.3941	1.3717	0.5451	0.5375	0.5440	0.5451	0.5441	0.5443	0.5364	0.5456	1.749120	1.749742	1.754270	1.750284	1.745620	1.724360	1.743611	1.682441
32000	11.0426	1.3742	1.3882	1.3764	1.3809	1.3777	1.3775	1.3942	1.3736	0.5445	0.5373	0.5430	0.5445	0.5432	0.5437	0.5364	0.5450	1.746312	1.749228	1.750143	1.747301	1.743345	1.723773	1.740520	1.681478
33000	11.0556	1.3760	1.3896	1.3770	1.3835	1.3795	1.3804	1.3946	1.3750	0.5443	0.5364	0.5428	0.5439	0.5427	0.5429	0.5361	0.5447	1.739367	1.743971	1.742896	1.740836	1.737004	1.719023	1.733946	1.676062
34000	11.0631	1.3777	1.3899	1.3790	1.3839	1.3801	1.3821	1.3946	1.3759	0.5438	0.5367	0.5420	0.5431	0.5427	0.5421	0.5362	0.5447	1.731205	1.737312	1.734535	1.733348	1.729778	1.713027	1.726381	1.669537
35000	11.0645	1.3778	1.3899	1.3792	1.3842	1.3815	1.3815	1.3930	1.3774	0.5437	0.5366	0.5416	0.5427	0.5418	0.5422	0.5366	0.5438	1.723120	1.730393	1.726370	1.725543	1.722357	1.706727	1.718850	1.663035
36000	11.0720	1.3789	1.3899	1.3803	1.3856	1.3817	1.3830	1.3945	1.3782	0.5430	0.5364	0.5412	0.5417	0.5414	0.5416	0.5361	0.5436	1.714895	1.723120	1.718064	1.717796	1.714395	1.700324	1.710924	1.656063
37000	11.0753	1.3799	1.3900	1.3811	1.3847	1.3821	1.3841	1.3943	1.3791	0.5428	0.5364	0.5408	0.5420	0.5413	0.5411	0.5360	0.5432	1.707030	1.715990	1.710185	1.710251	1.706849	1.693898	1.703347	1.649251
38000	11.0815	1.3811	1.3906	1.3837	1.3838	1.3835	1.3845	1.3947	1.3796	0.5420	0.5361	0.5403	0.5422	0.5406	0.5406	0.5355	0.5431	1.699252	1.709045	1.702557	1.703147	1.699542	1.687412	1.695972	1.642400
39000	11.0893	1.3817	1.3923	1.3849	1.3835	1.3842	1.3863	1.3949	1.3814	0.5422	0.5356	0.5402	0.5427	0.5405	0.5396	0.5353	0.5421	1.691596	1.702228	1.695226	1.696235	1.693028	1.681224	1.688986	1.636236
40000	11.0939	1.3813	1.3921	1.3862	1.3837	1.3857	1.3876	1.3951	1.3822	0.5422	0.5355	0.5397	0.5426	0.5400	0.5391	0.5354	0.5418	1.684215	1.695352	1.688129	1.689214	1.686668	1.675200	1.682263	1.629966
41000	11.0988	1.3811	1.3937	1.3871	1.3835	1.3862	1.3891	1.3956	1.3824	0.5421	0.5349	0.5394	0.5427	0.5400	0.5386	0.5349	0.5416	1.714714	1.722363	1.719276	1.718391	1.716958	1.703798	1.710562	1.658369
42000	11.1013	1.3810	1.3943	1.3874	1.3832	1.3868	1.3896	1.3961	1.3827	0.5419	0.5349	0.5394	0.5428	0.5401	0.5383	0.5346	0.5410	1.713304	1.719921	1.718124	1.717206	1.716442	1.703440	1.710006	1.657949
43000	11.1062	1.3824	1.3939	1.3877	1.3840	1.3884	1.3898	1.3974	1.3826	0.5412	0.5350	0.5394	0.5424	0.5396	0.5385	0.5340	0.5410	1.709523	1.714877	1.713720	1.712838	1.712702	1.699740	1.706406	1.654859
44000	11.1088	1.3823	1.3947	1.3879	1.3850	1.3891	1.3905	1.3974	1.3818	0.5415	0.5348	0.5396	0.5419	0.5391	0.5382	0.5338	0.5410	1.704392	1.708997	1.708534	1.707131	1.707697	1.694498	1.701478	1.650152
45000	11.1133	1.3830	1.3950	1.3884	1.3854	1.3901	1.3905	1.3974	1.3834	0.5412	0.5349	0.5391	0.5415	0.5390	0.5378	0.5337	0.5406	1.698817	1.702803	1.702894	1.700785	1.701680	1.688897	1.696008	1.644827
46000	11.1136	1.3832	1.3941	1.3889	1.3860	1.3902	1.3901	1.3975	1.3835	0.5408	0.5349	0.5389	0.5412	0.5390	0.5383	0.5335	0.5404	1.693627	1.696406	1.697095	1.694157	1.695727	1.683114	1.690270	1.639228
47000	11.1172	1.3834	1.3945	1.3902	1.3861	1.3896	1.3918	1.3975	1.3840	0.5406	0.5347	0.5383	0.5411	0.5393	0.5374	0.5335	0.5402	1.687529	1.689709	1.690711	1.686955	1.689190	1.676472	1.683927	1.633463
48000	11.1216	1.3841	1.3945	1.3904	1.3873	1.3897	1.3933	1.3974	1.3850	0.5406	0.5344	0.5383	0.5405	0.5393	0.5370	0.5333	0.5398	1.681850	1.683170	1.684683	1.679890	1.683033	1.670315	1.677958	1.628313
49000	11.1258	1.3851	1.3946	1.3910	1.3883	1.3899	1.3936	1.3977	1.3855	0.5404	0.5342	0.5382	0.5400	0.5388	0.5368	0.5335	0.5398	1.676079	1.676871	1.678770	1.672632	1.676676	1.664191	1.671998	1.623113
50000	11.1322	1.3851	1.3955	1.3919	1.3885	1.3913	1.3943	1.3998	1.3858	0.5405	0.5340	0.5379	0.5399	0.5383	0.5364	0.5329	0.5398	1.670074	1.670114	1.672505	1.665207	1.669925	1.657758	1.665392	1.617820
51000	11.1345	1.3851	1.3952	1.3922	1.3889	1.3922	1.3949	1.3999	1.3863	0.5403	0.5341	0.5377	0.5398	0.5381	0.5363	0.5330	0.5396	1.693366	1.697496	1.692695	1.686812	1.688763	1.679049	1.690088	1.635124
52000	11.1388	1.3855	1.3951	1.3935	1.3884	1.3929	1.3950	1.4005	1.3879	0.5404	0.5342	0.5375	0.5400	0.5377	0.5364	0.5323	0.5393	1.693173	1.698151	1.692998	1.685845	1.688881	1.679613	1.689759	1.635543
53000	11.1406	1.3859	1.3957	1.3946	1.3890	1.3923	1.3963	1.3993	1.3875	0.5401	0.5338	0.5372	0.5398	0.5376	0.5357	0.5326	0.5393	1.690321	1.695631	1.690748	1.682257	1.686601	1.677410	1.686910	1.633754
54000	11.1437	1.3865	1.3957	1.3959	1.3894	1.3926	1.3960	1.3997	1.3879	0.5400	0.5341	0.5372	0.5395	0.5372	0.5358	0.5325	0.5391	1.686776	1.692247	1.687525	1.677966	1.683706	1.674311	1.683438	1.631268
55000	11.1479	1.3867	1.3967	1.3964	1.3895	1.3927	1.3968	1.4005	1.3886	0.5401	0.5337	0.5368	0.5395	0.5369	0.5356	0.5323	0.5389	1.682901	1.688786	1.684118	1.673344	1.680721	1.671190	1.679351	1.628202
56000	11.1500	1.3874	1.3969	1.3963	1.3898	1.3926	1.3962	1.4013	1.3894	0.5397	0.5337	0.5367	0.5393	0.5369	0.5357	0.5319	0.5385	1.678665	1.684841	1.680202	1.668450	1.677462	1.667557	1.675237	1.624884
57000	11.1518	1.3866	1.3972	1.3965	1.3898	1.3931	1.3973	1.4015	1.3898	0.5400	0.5335	0.5366	0.5393	0.5369	0.5353	0.5315	0.5383	1.674148	1.680543	1.676111	1.663224	1.674241	1.663785	1.670896	1.621388
58000	11.1539	1.3876	1.3963	1.3970	1.3901	1.3928	1.3980	1.4023	1.3897	0.5396	0.5337	0.5366	0.5392	0.5369	0.5347	0.5312	0.5383	1.669378	1.675728	1.671867	1.657723	1.670636	1.659695	1.666102	1.617474
59000	11.1577	1.3880	1.3968	1.3974	1.3909	1.3931	1.3981	1.4033	1.3902	0.5392	0.5339	0.5363	0.5387	0.5370	0.5347	0.5308	0.5385	1.664442	1.670664	1.667586	1.652156	1.666793	1.655659	1.661376	1.613423
60000	11.1589	1.3877	1.3978	1.3971	1.3918	1.3931	1.3978	1.4035	1.3902	0.5392	0.5338	0.5362	0.5383	0.5372	0.5349	0.5309	0.5384	1.659652	1.665584	1.663532	1.646764	1.663089	1.651658	1.656560	1.609626
61000	11.1614	1.3884	1.3983	1.3975	1.3919	1.3936	1.3984	1.4029	1.3903	0.5391	0.5335	0.5362	0.5381	0.5369	0.5346	0.5311	0.5386	1.679408	1.685642	1.681270	1.666278	1.683172	1.670330	1.675112	1.626269
62000	11.1652	1.3890	1.3998	1.3970	1.3925	1.3949	1.3983	1.4028	1.3910	0.5388	0.5330	0.5365	0.5380	0.5366	0.5347	0.5310	0.5380	1.679071	1.686640	1.682308	1.666831	1.684806	1.671489	1.675285	1.627915
63000	11.1669	1.3886	1.3995	1.3972	1.3934	1.3950	1.3992	1.4030	1.3910	0.5388	0.5330	0.5366	0.5376	0.5365	0.5346	0.5312	0.5381	1.675886	1.685071	1.681246	1.664759	1.683376	1.670311	1.673411	1.627258
64000	11.1681	1.3882	1.3994	1.3975	1.3941	1.3957	1.3987	1.4035	1.3910	0.5390	0.5333	0.5365	0.5373	0.5365	0.5348	0.5308	0.5380	1.671722	1.682108	1.679429	1.661463	1.680594	1.667879	1.670385	1.625391
65000	11.1684	1.3889	1.3987	1.3969	1.3941	1.3959	1.3986	1.4038	1.3914	0.5388	0.5334	0.5365	0.5373	0.5365	0.5348	0.5310	0.5378	1.667360	1.678685	1.677335	1.657896	1.677422	1.665048	1.667530	1.623138
66000	11.1706	1.3892	1.3992	1.3973	1.3940	1.3958	1.3986	1.4042	1.3922	0.5387	0.5333	0.5361	0.5373	0.5365	0.5348	0.5310	0.5376	1.662505	1.675042	1.675097	1.654120	1.673856	1.661736	1.664210	1.620472
67000	11.1720	1.3896	1.3994	1.3979	1.3941	1.3953	1.3986	1.4047	1.3924	0.5386	0.5331	0.5360	0.5374	0.5368	0.5348	0.5310	0.5375	1.657611	1.671508	1.672671	1.650165	1.670391	1.657990	1.661064	1.617780
68000	11.1757	1.3900	1.3999	1.3983	1.3941	1.3958	1.4002	1.4049	1.3926	0.5385	0.5331	0.5359	0.5376	0.5366	0.5344	0.5311	0.5375	1.653037	1.668075	1.670352	1.646384	1.667042	1.654523	1.658108	1.615288
69000	11.1752	1.3903	1.3995	1.3980	1.3941	1.3955	1.4004	1.4050	1.3925	0.5384	0.5334	0.5360	0.5376	0.5367	0.5343	0.5311	0.5374	1.648090	1.664589	1.667987	1.642508	1.663776	1.650981	1.655057	1.612721
70000	11.1759	1.3909	1.3983	1.3981	1.3940	1.3965	1.4004	1.4049	1.3928	0.5383	0.5339	0.5360	0.5376	0.5363	0.5342	0.5312	0.5373	1.643589	1.661321	1.665832	1.638858	1.660952	1.647957	1.651928	1.610533
71000	11.1767	1.3913	1.3984	1.3981	1.3936	1.3966	1.4009	1.4045	1.3933	0.5378	0.5340	0.5358	0.5377	0.5365	0.5341	0.5312	0.5373	1.657957	1.676684	1.679412	1.653081	1.675283	1.662031	1.665248	1.624676
72000	11.1795	1.3916	1.3982	1.3987	1.3939	1.3971	1.4012	1.4048	1.3939	0.5377	0.5341	0.5354	0.5373	0.5363	0.5339	0.5310	0.5370	1.658945	1.678106	1.680778	1.654653	1.676994	1.663688	1.666696	1.626409
73000	11.1793	1.3920	1.3984	1.3981	1.3939	1.3973	1.4008	1.4047	1.3941	0.5376	0.5341	0.5356	0.5373	0.5362	0.5340	0.5310	0.5372	1.658267	1.676921	1.680239	1.654514	1.677078	1.663270	1.666679	1.626510
74000	11.1805	1.3923	1.3984	1.3986	1.3944	1.3963	1.4009	1.4054	1.3942	0.5376	0.5340	0.5354	0.5372	0.5364	0.5340	0.5310	0.5371	1.656730	1.675055	1.678992	1.653583	1.676251	1.662450	1.665977	1.625853
75000	11.1816	1.3925	1.3983	1.3990	1.3951	1.3956	1.4008	1.4049	1.3953	0.5376	0.5340	0.5353	0.5371	0.5366	0.5340	0.5310	0.5367	1.654653	1.672649	1.677445	1.652087	1.674889	1.660894	1.664651	1.624776
76000	11.1832	1.3927	1.3981	1.3993	1.3950	1.3958	1.4013	1.4054	1.3957	0.5376	0.5342	0.5352	0.5372	0.5366	0.5339	0.5308	0.5365	1.652011	1.670012	1.675656	1.650030	1.673113	1.658868	1.663102	1.623262
77000	11.1843	1.3930	1.3983	1.3999	1.3955	1.3957	1.4013	1.4051	1.3956	0.5375	0.5342	0.5347	0.5369	0.5366	0.5338	0.5307	0.5363	1.649048	1.667188	1.673560	1.647717	1.671145	1.656624	1.661170	1.621356
78000	11.1849	1.3931	1.3984	1.4000	1.3953	1.3957	1.4013	1.4051	1.3962	0.5375	0.5340	0.5346	0.5369	0.5366	0.5337	0.5306	0.5360	1.645986	1.664379	1.671215	1.645056	1.669008	1.654201	1.659044	1.619263
79000	11.1868	1.3933	1.3989	1.3999	1.3957	1.3962	1.4010	1.4054	1.3964	0.5375	0.5338	0.5347	0.5368	0.5363	0.5338	0.5306	0.5361	1.642712	1.661618	1.668932	1.642376	1.666890	1.651307	1.656968	1.617551
80000	11.1870	1.3929	1.3988	1.4000	1.3951	1.3969	1.4009	1.4060	1.3964	0.5375	0.5338	0.5345	0.5371	0.5362	0.5336	0.5304	0.5360	1.640359	1.659413	1.667099	1.639711	1.665881	1.648702	1.655222	1.616490
81000	11.1897	1.3929	1.3995	1.4006	1.3956	1.3967	1.4013	1.4064	1.3967	0.5377	0.5336	0.5341	0.5370	0.5363	0.5335	0.5303	0.5361	1.651703	1.673776	1.679620	1.653418	1.678252	1.662322	1.668156	1.629600
82000	11.1902	1.3927	1.3995	1.4012	1.3958	1.3970	1.4014	1.4059	1.3968	0.5378	0.5335	0.5338	0.5369	0.5362	0.5335	0.5305	0.5359	1.652562	1.675346	1.680926	1.654012	1.680826	1.663411	1.669281	1.631146
83000	11.1914	1.3927	1.3996	1.4017	1.3957	1.3972	1.4012	1.4061	1.3972	0.5378	0.5335	0.5336	0.5370	0.5363	0.5335	0.5304	0.5356	1.651974	1.675292	1.680833	1.652867	1.682220	1.662800	1.668760	1.631667
84000	11.1918	1.3933	1.3992	1.4017	1.3960	1.3972	1.4014	1.4064	1.3965	0.5376	0.5337	0.5336	0.5370	0.5364	0.5334	0.5303	0.5357	1.650994	1.674785	1.680695	1.651274	1.683185	1.661825	1.667304	1.631668
85000	11.1909	1.3933	1.4002	1.4012	1.3961	1.3966	1.4012	1.4061	1.3963	0.5376	0.5335	0.5337	0.5367	0.5366	0.5334	0.5305	0.5357	1.650174	1.674376	1.680375	1.649501	1.683930	1.660579	1.665728	1.631700
86000	11.1927	1.3933	1.4009	1.4017	1.3961	1.3962	1.4015	1.4061	1.3968	0.5376	0.5333	0.5336	0.5368	0.5367	0.5334	0.5304	0.5356	1.649732	1.674249	1.680175	1.647994	1.684845	1.659584	1.664378	1.632051
87000	11.1942	1.3932	1.4020	1.4018	1.3957	1.3968	1.4020	1.4063	1.3964	0.5377	0.5330	0.5336	0.5371	0.5366	0.5333	0.5303	0.5356	1.649490	1.674233	1.679708	1.646266	1.686003	1.658415	1.662959	1.632613
88000	11.1942	1.3927	1.4021	1.4019	1.3954	1.3970	1.4019	1.4063	1.3969	0.5378	0.5329	0.5335	0.5371	0.5364	0.5334	0.5303	0.5353	1.648981	1.674068	1.679443	1.644780	1.687025	1.657096	1.661886	1.633020
89000	11.1961	1.3928	1.4025	1.4020	1.3957	1.3970	1.4026	1.4061	1.3972	0.5376	0.5329	0.5336	0.5371	0.5363	0.5331	0.5303	0.5352	1.648463	1.673773	1.679007	1.643085	1.687532	1.655890	1.660893	1.633059
90000	11.1961	1.3922	1.4022	1.4022	1.3962	1.3971	1.4024	1.4063	1.3975	0.5379	0.5330	0.5334	0.5370	0.5362	0.5331	0.5303	0.5351	1.647644	1.673068	1.678372	1.641797	1.688053	1.654501	1.659871	1.632857
91000	11.1976	1.3923	1.4018	1.4025	1.3966	1.3976	1.4023	1.4067	1.3979	0.5379	0.5332	0.5333	0.5368	0.5361	0.5331	0.5303	0.5349	1.656747	1.683842	1.687921	1.650459	1.697177	1.665461	1.671009	1.643636
92000	11.1964	1.3922	1.4016	1.4023	1.3959	1.3977	1.4025	1.4064	1.3978	0.5378	0.5333	0.5333	0.5369	0.5359	0.5329	0.5304	0.5350	1.658486	1.684572	1.689302	1.651592	1.698016	1.666891	1.672772	1.644613
93000	11.1973	1.3925	1.4016	1.4029	1.3963	1.3972	1.4026	1.4063	1.3979	0.5379	0.5333	0.5333	0.5368	0.5361	0.5328	0.5304	0.5350	1.658687	1.683606	1.689148	1.651365	1.697434	1.666667	1.672975	1.643905
94000	11.1994	1.3926	1.4019	1.4033	1.3968	1.3977	1.4026	1.4062	1.3982	0.5378	0.5332	0.5331	0.5366	0.5358	0.5327	0.5304	0.5350	1.657990	1.681913	1.688422	1.650461	1.696184	1.665637	1.672568	1.642462
95000	11.2004	1.3933	1.4017	1.4036	1.3967	1.3976	1.4029	1.4065	1.3982	0.5375	0.5332	0.5330	0.5363	0.5356	0.5326	0.5305	0.5351	1.656902	1.679927	1.687209	1.649584	1.694507	1.664371	1.671975	1.640656
96000	11.2007	1.3929	1.4019	1.4039	1.3968	1.3973	1.4033	1.4066	1.3980	0.5376	0.5332	0.5329	0.5363	0.5357	0.5325	0.5305	0.5352	1.655749	1.677665	1.685737	1.648665	1.692807	1.662730	1.671221	1.638545
97000	11.2008	1.3928	1.4020	1.4035	1.3968	1.3975	1.4034	1.4065	1.3985	0.5377	0.5331	0.5332	0.5361	0.5356	0.5326	0.5305	0.5351	1.654686	1.675372	1.684280	1.648050	1.691049	1.661160	1.670619	1.636569
98000	11.2030	1.3931	1.4021	1.4036	1.3972	1.3980	1.4036	1.4067	1.3988	0.5375	0.5330	0.5332	0.5359	0.5353	0.5326	0.5304	0.5350	1.653440	1.673048	1.683000	1.647633	1.689606	1.659842	1.670021	1.634730
99000	11.2016	1.3928	1.4025	1.4034	1.3976	1.3979	1.4035	1.4069	1.3971	0.5378	0.5328	0.5332	0.5359	0.5351	0.5326	0.5305	0.5355	1.652370	1.670475	1.681666	1.647445	1.688164	1.659617	1.669568	1.633437
100000	11.2003	1.3922	1.4030	1.4036	1.3969	1.3980	1.4034	1.4070	1.3961	0.5381	0.5327	0.5332	0.5362	0.5351	0.5326	0.5305	0.5358	1.651380	1.667882	1.680428	1.647420	1.687015	1.659895	1.669238	1.632431
101000	11.2032	1.3924	1.4034	1.4042	1.3974	1.3985	1.4038	1.4070	1.3965	0.5381	0.5326	0.5330	0.5360	0.5351	0.5325	0.5304	0.5357	1.662027	1.678106	1.689975	1.658257	1.698218	1.671655	1.679962	1.644246
102000	11.2027	1.3925	1.4030	1.4040	1.3974	1.3983	1.4044	1.4070	1.3962	0.5381	0.5325	0.5330	0.5360	0.5350	0.5323	0.5304	0.5358	1.662408	1.678090	1.690670	1.659477	1.699029	1.674748	1.681569	1.645476
103000	11.2037	1.3928	1.4032	1.4042	1.3973	1.3983	1.4043	1.4072	1.3965	0.5381	0.5324	0.5330	0.5359	0.5351	0.5324	0.5302	0.5358	1.661413	1.676422	1.690028	1.659051	1.698235	1.675824	1.681509	1.644978
104000	11.2043	1.3930	1.4037	1.4044	1.3977	1.3979	1.4043	1.4072	1.3962	0.5380	0.5323	0.5330	0.5359	0.5352	0.5323	0.5301	0.5358	1.659756	1.674370	1.688973	1.658032	1.696860	1.675988	1.681018	1.643718
105000	11.2050	1.3928	1.4038	1.4048	1.3980	1.3979	1.4044	1.4071	1.3962	0.5380	0.5322	0.5330	0.5358	0.5353	0.5323	0.5301	0.5358	1.657742	1.672140	1.687351	1.656572	1.695003	1.675658	1.679975	1.641905
106000	11.2071	1.3932	1.4038	1.4049	1.3984	1.3985	1.4049	1.4071	1.3962	0.5379	0.5324	0.5330	0.5358	0.5352	0.5321	0.5302	0.5359	1.655398	1.669670	1.685312	1.654776	1.692748	1.674847	1.678619	1.640256
107000	11.2063	1.3932	1.4034	1.4051	1.3985	1.3983	1.4051	1.4066	1.3961	0.5379	0.5326	0.5328	0.5358	0.5351	0.5322	0.5303	0.5361	1.653170	1.667209	1.683364	1.653345	1.690873	1.674192	1.677464	1.638870
108000	11.2076	1.3926	1.4040	1.4054	1.3986	1.3986	1.4055	1.4067	1.3961	0.5382	0.5324	0.5327	0.5358	0.5350	0.5321	0.5302	0.5360	1.650747	1.664724	1.681264	1.651953	1.688988	1.673628	1.675921	1.637564
109000	11.2081	1.3924	1.4042	1.4057	1.3985	1.3988	1.4054	1.4066	1.3965	0.5384	0.5324	0.5327	0.5358	0.5350	0.5321	0.5303	0.5359	1.648473	1.662298	1.679193	1.650627	1.687179	1.673236	1.674560	1.636561
110000	11.2085	1.3918	1.4043	1.4061	1.3986	1.3988	1.4056	1.4069	1.3964	0.5387	0.5326	0.5326	0.5357	0.5351	0.5321	0.5302	0.5359	1.646118	1.659814	1.677192	1.649301	1.685264	1.672872	1.672988	1.635473
111000	11.2093	1.3924	1.4043	1.4063	1.3986	1.3988	1.4057	1.4068	1.3965	0.5386	0.5325	0.5325	0.5356	0.5352	0.5320	0.5302	0.5360	1.655914	1.669446	1.684953	1.657596	1.694248	1.681622	1.682007	1.645185
112000	11.2093	1.3922	1.4044	1.4064	1.3991	1.3987	1.4056	1.4067	1.3960	0.5387	0.5325	0.5326	0.5356	0.5352	0.5320	0.5301	0.5361	1.656834	1.670003	1.685583	1.658563	1.695287	1.683428	1.683315	1.646487
113000	11.2095	1.3924	1.4045	1.4064	1.3995	1.3989	1.4052	1.4069	1.3958	0.5387	0.5325	0.5326	0.5354	0.5352	0.5321	0.5301	0.5361	1.656314	1.668849	1.684905	1.658424	1.695117	1.684262	1.683256	1.646374
114000	11.2106	1.3929	1.4048	1.4062	1.3995	1.3990	1.4050	1.4074	1.3959	0.5385	0.5324	0.5325	0.5354	0.5352	0.5321	0.5300	0.5362	1.655348	1.667232	1.683577	1.657737	1.694523	1.684449	1.682565	1.645843
115000	11.2118	1.3933	1.4050	1.4063	1.3997	1.3994	1.4049	1.4070	1.3962	0.5384	0.5323	0.5325	0.5352	0.5350	0.5323	0.5300	0.5359	1.654413	1.665466	1.681959	1.657170	1.693331	1.684244	1.681678	1.645277
116000	11.2121	1.3934	1.4049	1.4064	1.3997	1.3994	1.4048	1.4075	1.3961	0.5383	0.5324	0.5324	0.5354	0.5349	0.5323	0.5298	0.5361	1.653565	1.663550	1.680331	1.656714	1.692029	1.683996	1.680532	1.644833
117000	11.2141	1.3939	1.4049	1.4068	1.4001	1.3993	1.4049	1.4079	1.3965	0.5382	0.5323	0.5322	0.5354	0.5350	0.5322	0.5298	0.5359	1.652595	1.661732	1.678678	1.655857	1.690634	1.683840	1.679155	1.644453
118000	11.2143	1.3937	1.4046	1.4070	1.3999	1.4000	1.4045	1.4081	1.3964	0.5382	0.5324	0.5321	0.5355	0.5347	0.5323	0.5297	0.5359	1.651568	1.659919	1.676744	1.655136	1.689131	1.683514	1.677706	1.643842
119000	11.2151	1.3943	1.4046	1.4071	1.4002	1.4001	1.4046	1.4082	1.3960	0.5380	0.5324	0.5320	0.5354	0.5347	0.5323	0.5298	0.5359	1.650388	1.658231	1.674841	1.654435	1.687448	1.683264	1.676202	1.643271
120000	11.2126	1.3936	1.4046	1.4071	1.3999	1.3999	1.4048	1.4080	1.3947	0.5383	0.5323	0.5321	0.5354	0.5348	0.5323	0.5299	0.5363	1.649255	1.656579	1.672973	1.653756	1.685512	1.683123	1.674740	1.642804
121000	11.2128	1.3940	1.4044	1.4073	1.3999	1.3997	1.4049	1.4080	1.3945	0.5382	0.5323	0.5321	0.5354	0.5348	0.5323	0.5300	0.5363	1.658337	1.665784	1.681256	1.662037	1.695014	1.692197	1.683870	1.651339
122000	11.2143	1.3941	1.4047	1.4075	1.4000	1.3998	1.4051	1.4083	1.3949	0.5381	0.5322	0.5320	0.5354	0.5348	0.5322	0.5299	0.5362	1.659121	1.667153	1.681522	1.662931	1.695600	1.694082	1.684633	1.652854
123000	11.2154	1.3940	1.4048	1.4078	1.3999	1.3998	1.4054	1.4082	1.3956	0.5380	0.5323	0.5320	0.5354	0.5347	0.5322	0.5300	0.5359	1.658981	1.667230	1.681038	1.662706	1.695141	1.694909	1.684590	1.653240
124000	11.2150	1.3941	1.4047	1.4075	1.3998	1.4000	1.4054	1.4079	1.3957	0.5381	0.5323	0.5321	0.5355	0.5345	0.5322	0.5300	0.5359	1.658291	1.666601	1.680088	1.661763	1.694172	1.695409	1.683968	1.653360
125000	11.2158	1.3940	1.4044	1.4076	1.3998	1.4004	1.4059	1.4082	1.3955	0.5381	0.5325	0.5320	0.5355	0.5343	0.5320	0.5299	0.5358	1.657193	1.665737	1.678858	1.660307	1.692825	1.695674	1.683102	1.652967
126000	11.2159	1.3942	1.4043	1.4078	1.3998	1.4007	1.4062	1.4080	1.3949	0.5381	0.5325	0.5320	0.5354	0.5342	0.5318	0.5299	0.5362	1.655747	1.664611	1.677596	1.658509	1.691263	1.695684	1.682152	1.652415
127000	11.2148	1.3938	1.4048	1.4076	1.3995	1.4005	1.4061	1.4081	1.3945	0.5383	0.5323	0.5320	0.5353	0.5342	0.5319	0.5297	0.5364	1.654528	1.663615	1.676414	1.656657	1.689764	1.695880	1.681359	1.652055
128000	11.2152	1.3935	1.4046	1.4079	1.3996	1.4006	1.4064	1.4080	1.3946	0.5385	0.5324	0.5319	0.5351	0.5342	0.5318	0.5297	0.5364	1.653284	1.662874	1.675206	1.654861	1.688302	1.696212	1.680834	1.651953
129000	11.2143	1.3931	1.4046	1.4080	1.3994	1.4006	1.4064	1.4081	1.3942	0.5386	0.5323	0.5319	0.5352	0.5342	0.5318	0.5296	0.5365	1.652250	1.662484	1.674078	1.653973	1.686935	1.696279	1.680458	1.652326
130000	11.2150	1.3929	1.4047	1.4080	1.3994	1.4009	1.4065	1.4082	1.3943	0.5386	0.5322	0.5319	0.5353	0.5340	0.5318	0.5294	0.5365	1.651444	1.662202	1.672986	1.653438	1.685440	1.696177	1.680366	1.652697
131000	11.2157	1.3930	1.4050	1.4077	1.3997	1.4011	1.4064	1.4081	1.3946	0.5386	0.5321	0.5319	0.5352	0.5340	0.5319	0.5293	0.5364	1.658455	1.669102	1.679247	1.661838	1.692392	1.704500	1.686818	1.660140
132000	11.2158	1.3935	1.4052	1.4077	1.3994	1.4014	1.4063	1.4081	1.3944	0.5384	0.5320	0.5320	0.5353	0.5338	0.5319	0.5294	0.5365	1.659820	1.670338	1.679692	1.663229	1.693261	1.706780	1.688758	1.661873
133000	11.2160	1.3935	1.4054	1.4076	1.3993	1.4014	1.4065	1.4078	1.3946	0.5385	0.5320	0.5320	0.5353	0.5338	0.5317	0.5295	0.5364	1.659952	1.670468	1.679044	1.663398	1.693067	1.707710	1.689716	1.662207
134000	11.2172	1.3939	1.4056	1.4073	1.3996	1.4017	1.4066	1.4078	1.3948	0.5384	0.5319	0.5321	0.5352	0.5339	0.5316	0.5296	0.5364	1.659538	1.670028	1.677760	1.662951	1.692203	1.707629	1.690055	1.661887
135000	11.2168	1.3941	1.4055	1.4072	1.3997	1.4018	1.4066	1.4072	1.3947	0.5382	0.5319	0.5322	0.5353	0.5339	0.5316	0.5297	0.5363	1.658742	1.669240	1.676105	1.662183	1.690901	1.707320	1.689922	1.661191
136000	11.2166	1.3941	1.4056	1.4071	1.3996	1.4016	1.4064	1.4073	1.3949	0.5382	0.5320	0.5322	0.5352	0.5338	0.5316	0.5297	0.5362	1.657674	1.668170	1.674365	1.661292	1.689103	1.706758	1.689598	1.660048
137000	11.2168	1.3943	1.4058	1.4071	1.3993	1.4015	1.4062	1.4075	1.3951	0.5383	0.5320	0.5322	0.5353	0.5338	0.5317	0.5296	0.5362	1.656485	1.667058	1.672668	1.660297	1.687057	1.706261	1.688921	1.658779
138000	11.2171	1.3942	1.4059	1.4072	1.3993	1.4014	1.4063	1.4077	1.3951	0.5382	0.5318	0.5322	0.5353	0.5339	0.5317	0.5295	0.5362	1.655320	1.665915	1.670818	1.659481	1.684939	1.705669	1.688120	1.657741
139000	11.2171	1.3941	1.4061	1.4067	1.3993	1.4017	1.4063	1.4077	1.3952	0.5382	0.5318	0.5323	0.5353	0.5338	0.5317	0.5295	0.5362	1.654364	1.664991	1.669034	1.658871	1.682799	1.704986	1.687463	1.657003
140000	11.2174	1.3942	1.4059	1.4069	1.3995	1.4016	1.4063	1.4079	1.3950	0.5381	0.5318	0.5322	0.5353	0.5339	0.5317	0.5295	0.5362	1.653437	1.664479	1.667024	1.658442	1.680593	1.704381	1.686799	1.656258
141000	11.2187	1.3942	1.4059	1.4073	1.3998	1.4018	1.4064	1.4079	1.3954	0.5381	0.5317	0.5321	0.5351	0.5338	0.5318	0.5296	0.5361	1.660517	1.672732	1.674562	1.665695	1.688488	1.711842	1.694730	1.664320
142000	11.2202	1.3946	1.4060	1.4074	1.4002	1.4019	1.4061	1.4081	1.3958	0.5379	0.5316	0.5321	0.5351	0.5339	0.5319	0.5295	0.5360	1.661166	1.673992	1.674191	1.666511	1.688258	1.712163	1.695522	1.664940
143000	11.2215	1.3948	1.4062	1.4076	1.4004	1.4019	1.4062	1.4086	1.3957	0.5378	0.5315	0.5321	0.5350	0.5339	0.5317	0.5294	0.5360	1.661417	1.674078	1.673109	1.666454	1.687547	1.711731	1.695263	1.664766
144000	11.2222	1.3950	1.4064	1.4077	1.4005	1.4022	1.4060	1.4085	1.3959	0.5377	0.5315	0.5321	0.5350	0.5338	0.5318	0.5294	0.5359	1.661048	1.673568	1.671818	1.666021	1.686352	1.710878	1.694487	1.664321
145000	11.2214	1.3951	1.4063	1.4073	1.4004	1.4024	1.4060	1.4082	1.3957	0.5376	0.5315	0.5322	0.5348	0.5338	0.5318	0.5294	0.5359	1.660408	1.672779	1.670241	1.665329	1.684867	1.709763	1.693498	1.663503
146000	11.2227	1.3954	1.4064	1.4072	1.4007	1.4022	1.4061	1.4085	1.3962	0.5374	0.5315	0.5322	0.5347	0.5338	0.5317	0.5294	0.5358	1.659567	1.672014	1.668513	1.664559	1.683391	1.708666	1.692234	1.662506
147000	11.2235	1.3959	1.4065	1.4070	1.4008	1.4023	1.4063	1.4087	1.3961	0.5373	0.5314	0.5323	0.5347	0.5337	0.5317	0.5293	0.5358	1.658501	1.671288	1.666695	1.663539	1.681923	1.707423	1.690780	1.661622
148000	11.2229	1.3958	1.4062	1.4069	1.4006	1.4020	1.4064	1.4088	1.3962	0.5372	0.5314	0.5323	0.5348	0.5337	0.5316	0.5293	0.5359	1.657313	1.670754	1.664800	1.662449	1.680299	1.706085	1.689284	1.660841
149000	11.2211	1.3953	1.4055	1.4066	1.4005	1.4017	1.4066	1.4088	1.3960	0.5373	0.5316	0.5323	0.5348	0.5339	0.5316	0.5294	0.5359	1.655969	1.670178	1.663021	1.661424	1.678645	1.704863	1.687704	1.660243
150000	11.2206	1.3954	1.4053	1.4063	1.4007	1.4017	1.4068	1.4088	1.3956	0.5373	0.5317	0.5325	0.5349	0.5339	0.5315	0.5295	0.5360	1.654703	1.669867	1.661130	1.660422	1.677099	1.703705	1.686049	1.659640
151000	11.2217	1.3955	1.4056	1.4063	1.4009	1.4020	1.4070	1.4087	1.3957	0.5372	0.5317	0.5325	0.5349	0.5339	0.5314	0.5295	0.5359	1.661864	1.677184	1.668887	1.667514	1.684341	1.711081	1.693974	1.667455
152000	11.2217	1.3958	1.4060	1.4062	1.4008	1.4019	1.4070	1.4083	1.3956	0.5371	0.5317	0.5324	0.5349	0.5338	0.5314	0.5296	0.5360	1.663126	1.678370	1.669679	1.669216	1.685114	1.711759	1.694659	1.669373
153000	11.2222	1.3962	1.4060	1.4062	1.4007	1.4022	1.4070	1.4083	1.3956	0.5370	0.5316	0.5324	0.5348	0.5338	0.5314	0.5295	0.5359	1.663438	1.678429	1.669706	1.669886	1.684830	1.711377	1.694215	1.670450
154000	11.2224	1.3964	1.4063	1.4060	1.4007	1.4023	1.4072	1.4081	1.3954	0.5370	0.5316	0.5325	0.5349	0.5337	0.5314	0.5295	0.5361	1.663240	1.677931	1.669035	1.669902	1.684068	1.710264	1.693241	1.670681
155000	11.2212	1.3967	1.4061	1.4052	1.4004	1.4026	1.4071	1.4083	1.3948	0.5370	0.5317	0.5329	0.5349	0.5337	0.5314	0.5295	0.5363	1.662854	1.677438	1.668297	1.669581	1.683057	1.708945	1.692182	1.670480
156000	11.2203	1.3967	1.4060	1.4051	1.4001	1.4026	1.4072	1.4082	1.3943	0.5370	0.5318	0.5330	0.5350	0.5337	0.5313	0.5295	0.5365	1.662318	1.676655	1.667412	1.669175	1.681988	1.707314	1.691042	1.669870
157000	11.2207	1.3967	1.4064	1.4050	1.4000	1.4027	1.4070	1.4086	1.3944	0.5370	0.5316	0.5331	0.5351	0.5337	0.5314	0.5294	0.5365	1.661693	1.675911	1.666390	1.668746	1.681040	1.705747	1.690297	1.669192
158000	11.2206	1.3971	1.4064	1.4047	1.4003	1.4025	1.4069	1.4083	1.3942	0.5369	0.5315	0.5331	0.5349	0.5337	0.5314	0.5294	0.5366	1.660841	1.675197	1.665259	1.668286	1.679872	1.704082	1.689351	1.668335
159000	11.2213	1.3971	1.4065	1.4050	1.4005	1.4028	1.4068	1.4085	1.3941	0.5369	0.5314	0.5330	0.5349	0.5336	0.5314	0.5294	0.5366	1.659957	1.674673	1.664093	1.667888	1.678680	1.702372	1.688522	1.667269
160000	11.2208	1.3976	1.4061	1.4050	1.4005	1.4025	1.4067	1.4084	1.3941	0.5368	0.5316	0.5330	0.5348	0.5338	0.5315	0.5294	0.5366	1.659105	1.674278	1.662886	1.667568	1.677265	1.700815	1.687678	1.666262
161000	11.2217	1.3977	1.4064	1.4050	1.4006	1.4025	1.4067	1.4086	1.3942	0.5368	0.5315	0.5330	0.5347	0.5337	0.5315	0.5294	0.5366	1.665472	1.680714	1.670030	1.674063	1.683744	1.707135	1.694448	1.673110
162000	11.2224	1.3978	1.4066	1.4048	1.4010	1.4028	1.4068	1.4085	1.3941	0.5369	0.5315	0.5331	0.5345	0.5336	0.5315	0.5294	0.5366	1.666159	1.681665	1.671237	1.674902	1.684747	1.707442	1.696128	1.674121
163000	11.2228	1.3981	1.4066	1.4049	1.4011	1.4026	1.4070	1.4086	1.3939	0.5368	0.5314	0.5331	0.5345	0.5336	0.5314	0.5293	0.5366	1.665964	1.681522	1.671312	1.674743	1.684799	1.706682	1.696879	1.673958
164000	11.2223	1.3982	1.4066	1.4047	1.4010	1.4024	1.4070	1.4086	1.3938	0.5367	0.5314	0.5331	0.5344	0.5336	0.5314	0.5293	0.5366	1.665329	1.680818	1.671004	1.674080	1.684409	1.705466	1.697197	1.673288
165000	11.2220	1.3981	1.4065	1.4045	1.4008	1.4023	1.4070	1.4086	1.3941	0.5368	0.5315	0.5332	0.5344	0.5338	0.5314	0.5294	0.5366	1.664490	1.679810	1.670585	1.673213	1.683763	1.704023	1.697360	1.672525
166000	11.2216	1.3982	1.4063	1.4039	1.4010	1.4023	1.4072	1.4086	1.3941	0.5367	0.5316	0.5335	0.5344	0.5338	0.5313	0.5294	0.5365	1.663486	1.678699	1.670071	1.672134	1.682996	1.702550	1.697233	1.671538
167000	11.2212	1.3981	1.4062	1.4035	1.4011	1.4022	1.4074	1.4085	1.3942	0.5367	0.5316	0.5338	0.5343	0.5339	0.5312	0.5294	0.5365	1.662383	1.677415	1.669674	1.671107	1.682040	1.700936	1.697209	1.670582
168000	11.2191	1.3981	1.4060	1.4023	1.4010	1.4017	1.4073	1.4081	1.3945	0.5366	0.5317	0.5343	0.5343	0.5341	0.5312	0.5295	0.5364	1.661316	1.676134	1.669587	1.670117	1.680817	1.699266	1.697084	1.669762
169000	11.2173	1.3981	1.4053	1.4011	1.4009	1.4019	1.4074	1.4080	1.3947	0.5367	0.5320	0.5349	0.5342	0.5340	0.5311	0.5296	0.5362	1.660418	1.674925	1.669653	1.669506	1.679586	1.697921	1.697174	1.669145
170000	11.2170	1.3979	1.4052	1.4005	1.4007	1.4021	1.4075	1.4081	1.3950	0.5368	0.5321	0.5351	0.5343	0.5339	0.5310	0.5296	0.5361	1.659534	1.673697	1.669592	1.668896	1.678250	1.696424	1.697069	1.668460
171000	11.2169	1.3979	1.4051	1.4004	1.4009	1.4022	1.4073	1.4082	1.3950	0.5368	0.5322	0.5352	0.5343	0.5339	0.5310	0.5295	0.5362	1.665472	1.680083	1.675338	1.674164	1.683448	1.701801	1.703339	1.674203
172000	11.2182	1.3984	1.4053	1.4003	1.4011	1.4021	1.4076	1.4082	1.3952	0.5366	0.5322	0.5353	0.5343	0.5339	0.5310	0.5295	0.5362	1.665959	1.680467	1.676018	1.674346	1.683623	1.701597	1.704363	1.674606
173000	11.2177	1.3981	1.4053	1.4002	1.4012	1.4022	1.4078	1.4079	1.3950	0.5367	0.5323	0.5352	0.5343	0.5339	0.5310	0.5295	0.5363	1.665704	1.679973	1.675765	1.673804	1.683089	1.700630	1.704515	1.674060
174000	11.2175	1.3981	1.4052	1.4001	1.4013	1.4020	1.4077	1.4079	1.3951	0.5366	0.5323	0.5354	0.5342	0.5339	0.5311	0.5294	0.5363	1.665388	1.679127	1.675445	1.673054	1.682361	1.699336	1.704292	1.673365
175000	11.2173	1.3981	1.4053	1.3999	1.4014	1.4019	1.4079	1.4078	1.3949	0.5366	0.5323	0.5356	0.5343	0.5340	0.5311	0.5294	0.5362	1.664704	1.678077	1.674865	1.672107	1.681407	1.697971	1.703962	1.672532
176000	11.2170	1.3981	1.4053	1.3997	1.4014	1.4020	1.4079	1.4077	1.3950	0.5366	0.5323	0.5357	0.5342	0.5339	0.5310	0.5295	0.5362	1.663907	1.677016	1.674140	1.671176	1.680412	1.696693	1.703566	1.671648
177000	11.2169	1.3983	1.4052	1.3994	1.4013	1.4020	1.4080	1.4077	1.3950	0.5365	0.5324	0.5357	0.5342	0.5338	0.5310	0.5296	0.5362	1.662956	1.676083	1.673208	1.670355	1.679507	1.695449	1.703075	1.670798
178000	11.2166	1.3984	1.4048	1.3992	1.4013	1.4021	1.4079	1.4079	1.3950	0.5365	0.5327	0.5359	0.5342	0.5337	0.5310	0.5295	0.5363	1.661981	1.675265	1.672096	1.669672	1.678630	1.694190	1.702529	1.669793
179000	11.2160	1.3986	1.4046	1.3990	1.4015	1.4021	1.4077	1.4078	1.3947	0.5364	0.5327	0.5359	0.5341	0.5338	0.5311	0.5295	0.5364	1.660969	1.674474	1.670964	1.668985	1.677668	1.692996	1.701825	1.668750
180000	11.2148	1.3987	1.4036	1.3990	1.4015	1.4022	1.4078	1.4077	1.3942	0.5363	0.5331	0.5358	0.5341	0.5338	0.5311	0.5296	0.5367	1.659663	1.673611	1.669744	1.668157	1.676602	1.691718	1.701012	1.667594
181000	11.2155	1.3989	1.4038	1.3989	1.4017	1.4022	1.4076	1.4079	1.3945	0.5363	0.5330	0.5358	0.5340	0.5338	0.5312	0.5296	0.5365	1.665136	1.679988	1.675864	1.673680	1.682394	1.696917	1.706710	1.673239
182000	11.2156	1.3987	1.4038	1.3991	1.4017	1.4023	1.4076	1.4080	1.3945	0.5362	0.5331	0.5357	0.5341	0.5338	0.5312	0.5295	0.5366	1.665008	1.680551	1.675918	1.674096	1.682757	1.696880	1.707255	1.673721
183000	11.2158	1.3988	1.4037	1.3993	1.4016	1.4024	1.4075	1.4079	1.3946	0.5362	0.5331	0.5356	0.5341	0.5337	0.5313	0.5295	0.5365	1.664313	1.680172	1.675147	1.673803	1.682365	1.696483	1.707021	1.673404
184000	11.2161	1.3989	1.4037	1.3990	1.4019	1.4022	1.4075	1.4080	1.3949	0.5362	0.5331	0.5358	0.5341	0.5337	0.5313	0.5295	0.5364	1.663339	1.679451	1.674153	1.673223	1.681781	1.696116	1.706542	1.673029
185000	11.2156	1.3989	1.4036	1.3986	1.4021	1.4020	1.4075	1.4079	1.3951	0.5361	0.5331	0.5360	0.5340	0.5338	0.5313	0.5297	0.5364	1.662212	1.678572	1.673132	1.672585	1.680999	1.695653	1.706049	1.672616
186000	11.2144	1.3991	1.4031	1.3975	1.4019	1.4021	1.4074	1.4080	1.3953	0.5362	0.5333	0.5364	0.5340	0.5337	0.5313	0.5296	0.5362	1.661337	1.677717	1.672136	1.672029	1.680386	1.695365	1.705627	1.672597
187000	11.2134	1.3992	1.4026	1.3968	1.4015	1.4023	1.4076	1.4081	1.3953	0.5362	0.5335	0.5366	0.5341	0.5337	0.5312	0.5296	0.5362	1.660472	1.676799	1.671070	1.671471	1.679802	1.695182	1.705142	1.672742
188000	11.2115	1.3992	1.4020	1.3963	1.4013	1.4023	1.4077	1.4081	1.3946	0.5361	0.5337	0.5370	0.5342	0.5336	0.5312	0.5296	0.5365	1.659603	1.675831	1.669884	1.670876	1.679175	1.694791	1.704651	1.672741
189000	11.2106	1.3990	1.4017	1.3960	1.4010	1.4023	1.4079	1.4083	1.3945	0.5361	0.5340	0.5372	0.5342	0.5336	0.5311	0.5296	0.5365	1.658693	1.675006	1.668642	1.670299	1.678568	1.694540	1.704069	1.672770
190000	11.2091	1.3990	1.4004	1.3957	1.4009	1.4023	1.4082	1.4083	1.3944	0.5361	0.5345	0.5373	0.5344	0.5337	0.5311	0.5296	0.5365	1.657583	1.674193	1.667272	1.669597	1.677913	1.694067	1.703511	1.672759
191000	11.2098	1.3989	1.4005	1.3958	1.4011	1.4024	1.4084	1.4083	1.3946	0.5361	0.5344	0.5373	0.5344	0.5336	0.5310	0.5296	0.5365	1.662788	1.680171	1.672638	1.675089	1.682853	1.699332	1.708661	1.678379
192000	11.2093	1.3988	1.4000	1.3956	1.4014	1.4023	1.4083	1.4083	1.3946	0.5361	0.5347	0.5374	0.5343	0.5336	0.5310	0.5296	0.5365	1.663167	1.680730	1.673132	1.675685	1.683261	1.700447	1.709322	1.679473
193000	11.2061	1.3988	1.3980	1.3949	1.4013	1.4023	1.4084	1.4079	1.3944	0.5361	0.5355	0.5376	0.5342	0.5336	0.5309	0.5296	0.5366	1.663197	1.680267	1.672842	1.675721	1.682886	1.701025	1.709440	1.679986
194000	11.2059	1.3991	1.3978	1.3944	1.4014	1.4024	1.4082	1.4082	1.3944	0.5361	0.5356	0.5379	0.5342	0.5336	0.5310	0.5296	0.5365	1.663045	1.679652	1.672256	1.675542	1.682366	1.701365	1.709575	1.680230
195000	11.2053	1.3994	1.3971	1.3945	1.4010	1.4022	1.4083	1.4084	1.3944	0.5360	0.5359	0.5379	0.5343	0.5337	0.5310	0.5295	0.5366	1.662742	1.678817	1.671701	1.675350	1.681598	1.701371	1.709523	1.680430
196000	11.2040	1.3993	1.3961	1.3943	1.4008	1.4021	1.4083	1.4085	1.3946	0.5360	0.5364	0.5380	0.5344	0.5337	0.5311	0.5295	0.5366	1.662474	1.677871	1.670998	1.675086	1.680744	1.701229	1.709486	1.680459
197000	11.2036	1.3993	1.3957	1.3940	1.4008	1.4024	1.4085	1.4081	1.3947	0.5360	0.5367	0.5381	0.5344	0.5336	0.5310	0.5296	0.5366	1.662069	1.676930	1.670147	1.674504	1.679690	1.700859	1.709374	1.680186
198000	11.2033	1.3994	1.3953	1.3937	1.4008	1.4025	1.4085	1.4080	1.3950	0.5360	0.5368	0.5382	0.5344	0.5336	0.5310	0.5296	0.5366	1.661600	1.676015	1.669215	1.673978	1.678475	1.700283	1.709114	1.679803
199000	11.2034	1.3996	1.3952	1.3934	1.4007	1.4028	1.4086	1.4079	1.3952	0.5359	0.5369	0.5383	0.5345	0.5335	0.5309	0.5296	0.5365	1.661128	1.675168	1.668281	1.673605	1.677453	1.699708	1.708872	1.679489
200000	11.2020	1.3995	1.3946	1.3925	1.4006	1.4027	1.4087	1.4078	1.3955	0.5360	0.5372	0.5387	0.5345	0.5335	0.5309	0.5296	0.5364	1.660817	1.674453	1.667397	1.673320	1.676454	1.699089	1.708646	1.679289
201000	11.2026	1.3996	1.3948	1.3925	1.4005	1.4030	1.4088	1.4077	1.3955	0.5359	0.5371	0.5386	0.5345	0.5334	0.5309	0.5297	0.5364	1.665015	1.679582	1.672092	1.678245	1.680882	1.703915	1.712841	1.683928
202000	11.2020	1.3996	1.3945	1.3923	1.4004	1.4031	1.4088	1.4077	1.3956	0.5360	0.5372	0.5386	0.5345	0.5334	0.5309	0.5296	0.5363	1.665660	1.680428	1.672415	1.679681	1.681587	1.704436	1.713707	1.684887
203000	11.2019	1.3998	1.3944	1.3923	1.4004	1.4032	1.4086	1.4075	1.3957	0.5359	0.5372	0.5386	0.5345	0.5333	0.5309	0.5297	0.5363	1.665701	1.680489	1.671920	1.680362	1.681785	1.704383	1.714105	1.685304
204000	11.2015	1.3999	1.3942	1.3920	1.4001	1.4032	1.4087	1.4076	1.3959	0.5358	0.5374	0.5387	0.5347	0.5333	0.5308	0.5298	0.5362	1.665412	1.680214	1.671136	1.680757	1.681877	1.703950	1.714238	1.685524
205000	11.2010	1.4000	1.3941	1.3916	1.3999	1.4031	1.4088	1.4076	1.3960	0.5358	0.5375	0.5388	0.5347	0.5334	0.5308	0.5298	0.5362	1.664918	1.679757	1.670230	1.680980	1.681848	1.703434	1.714147	1.685589
206000	11.2009	1.4004	1.3939	1.3911	1.3998	1.4030	1.4088	1.4077	1.3962	0.5356	0.5375	0.5389	0.5348	0.5334	0.5307	0.5297	0.5361	1.664397	1.679187	1.669199	1.681240	1.681748	1.702981	1.713939	1.685424
207000	11.1999	1.4002	1.3936	1.3907	1.3996	1.4030	1.4087	1.4080	1.3961	0.5357	0.5377	0.5391	0.5348	0.5335	0.5307	0.5297	0.5362	1.663742	1.678556	1.668120	1.681474	1.681642	1.702380	1.713664	1.685043
208000	11.1992	1.4002	1.3932	1.3903	1.3995	1.4030	1.4089	1.4078	1.3962	0.5357	0.5378	0.5393	0.5349	0.5335	0.5307	0.5297	0.5362	1.663099	1.677774	1.667056	1.681741	1.681617	1.701847	1.713416	1.684770
209000	11.1980	1.4000	1.3928	1.3897	1.3992	1.4031	1.4092	1.4078	1.3962	0.5357	0.5380	0.5394	0.5349	0.5335	0.5307	0.5297	0.5362	1.662350	1.676973	1.666024	1.681921	1.681520	1.701330	1.713180	1.684530
210000	11.1971	1.3999	1.3927	1.3894	1.3991	1.4028	1.4092	1.4078	1.3961	0.5357	0.5381	0.5396	0.5349	0.5335	0.5307	0.5296	0.5363	1.661635	1.676143	1.664925	1.682043	1.681138	1.700807	1.712870	1.684262
211000	11.1975	1.3999	1.3927	1.3898	1.3990	1.4028	1.4091	1.4079	1.3963	0.5357	0.5380	0.5395	0.5350	0.5335	0.5308	0.5296	0.5362	1.666255	1.681468	1.669830	1.686984	1.685541	1.705539	1.717571	1.689186
212000	11.1976	1.4000	1.3928	1.3898	1.3989	1.4029	1.4091	1.4080	1.3962	0.5357	0.5380	0.5395	0.5350	0.5334	0.5309	0.5296	0.5363	1.666614	1.682468	1.670240	1.688245	1.685911	1.706145	1.718438	1.690440
213000	11.1988	1.4000	1.3929	1.3901	1.3992	1.4030	1.4093	1.4079	1.3964	0.5356	0.5380	0.5394	0.5348	0.5334	0.5309	0.5296	0.5362	1.666234	1.682553	1.669985	1.688707	1.685434	1.706056	1.718691	1.691053
214000	11.1997	1.3999	1.3929	1.3903	1.3995	1.4033	1.4094	1.4079	1.3966	0.5356	0.5380	0.5394	0.5348	0.5334	0.5308	0.5296	0.5362	1.665557	1.682257	1.669404	1.688731	1.684755	1.705579	1.718556	1.691370
215000	11.1999	1.3998	1.3927	1.3905	1.3996	1.4032	1.4095	1.4080	1.3966	0.5357	0.5381	0.5393	0.5346	0.5334	0.5308	0.5295	0.5362	1.665002	1.681748	1.668827	1.688657	1.684086	1.705010	1.718302	1.691443
216000	11.2003	1.3998	1.3927	1.3904	1.3997	1.4034	1.4095	1.4081	1.3968	0.5357	0.5382	0.5394	0.5347	0.5333	0.5307	0.5295	0.5362	1.664412	1.681132	1.668181	1.688701	1.683504	1.704347	1.717871	1.691424
217000	11.2006	1.3998	1.3926	1.3904	1.3999	1.4035	1.4095	1.4079	1.3970	0.5356	0.5382	0.5393	0.5346	0.5332	0.5307	0.5296	0.5362	1.663769	1.680381	1.667410	1.688491	1.682713	1.703516	1.717287	1.691369
218000	11.2001	1.3998	1.3924	1.3903	1.3996	1.4037	1.4093	1.4079	1.3971	0.5356	0.5383	0.5394	0.5348	0.5331	0.5307	0.5296	0.5361	1.663002	1.679633	1.666498	1.688344	1.681807	1.702641	1.716657	1.691263
219000	11.1985	1.3998	1.3921	1.3900	1.3992	1.4036	1.4092	1.4077	1.3970	0.5357	0.5385	0.5395	0.5349	0.5332	0.5308	0.5297	0.5361	1.662241	1.678889	1.665602	1.688173	1.680914	1.701804	1.716043	1.691144
220000	11.1971	1.3996	1.3918	1.3898	1.3988	1.4034	1.4093	1.4078	1.3967	0.5357	0.5387	0.5396	0.5351	0.5333	0.5308	0.5297	0.5362	1.661454	1.678239	1.664657	1.688040	1.680022	1.700942	1.715435	1.690957
221000	11.1977	1.3996	1.3916	1.3899	1.3990	1.4033	1.4094	1.4080	1.3968	0.5357	0.5387	0.5395	0.5350	0.5333	0.5308	0.5296	0.5362	1.666197	1.683357	1.669603	1.692947	1.684653	1.705563	1.719934	1.695731
222000	11.1988	1.3997	1.3917	1.3902	1.3992	1.4034	1.4096	1.4079	1.3970	0.5357	0.5387	0.5395	0.5350	0.5332	0.5307	0.5297	0.5361	1.667119	1.684369	1.669978	1.694328	1.684959	1.706004	1.720571	1.696574
223000	11.1988	1.3997	1.3918	1.3903	1.3992	1.4034	1.4093	1.4079	1.3972	0.5357	0.5387	0.5394	0.5350	0.5332	0.5308	0.5297	0.5360	1.667376	1.684552	1.669765	1.695097	1.684767	1.705970	1.720848	1.696821
224000	11.1984	1.3996	1.3917	1.3903	1.3993	1.4033	1.4091	1.4078	1.3973	0.5357	0.5388	0.5395	0.5350	0.5333	0.5309	0.5298	0.5360	1.667195	1.684325	1.669115	1.695428	1.684245	1.705555	1.720742	1.696698
225000	11.1977	1.3992	1.3912	1.3904	1.3993	1.4032	1.4091	1.4080	1.3974	0.5357	0.5390	0.5394	0.5349	0.5333	0.5309	0.5297	0.5360	1.666810	1.683933	1.668231	1.695646	1.683598	1.705143	1.720416	1.696404
226000	11.1969	1.3993	1.3909	1.3902	1.3989	1.4032	1.4090	1.4079	1.3975	0.5356	0.5391	0.5395	0.5351	0.5332	0.5309	0.5298	0.5359	1.666368	1.683438	1.667311	1.695624	1.682872	1.704648	1.720086	1.696074
227000	11.1961	1.3991	1.3906	1.3900	1.3990	1.4033	1.4090	1.4078	1.3974	0.5356	0.5394	0.5396	0.5350	0.5331	0.5309	0.5299	0.5359	1.665816	1.682998	1.666291	1.695502	1.682008	1.704027	1.719598	1.695664
228000	11.1943	1.3991	1.3900	1.3897	1.3983	1.4034	1.4089	1.4076	1.3973	0.5356	0.5396	0.5397	0.5353	0.5331	0.5308	0.5300	0.5360	1.665075	1.682448	1.665075	1.695274	1.681056	1.703269	1.719006	1.695139
229000	11.1920	1.3988	1.3893	1.3895	1.3976	1.4033	1.4087	1.4074	1.3974	0.5357	0.5399	0.5397	0.5356	0.5331	0.5309	0.5300	0.5359	1.664239	1.681890	1.663892	1.695012	1.680072	1.702388	1.718349	1.694624
230000	11.1896	1.3988	1.3882	1.3889	1.3973	1.4033	1.4085	1.4073	1.3973	0.5357	0.5405	0.5399	0.5357	0.5331	0.5310	0.5300	0.5360	1.663486	1.681336	1.662728	1.694745	1.679172	1.701615	1.717746	1.694103
231000	11.1900	1.3990	1.3881	1.3892	1.3972	1.4034	1.4085	1.4073	1.3973	0.5356	0.5405	0.5399	0.5356	0.5331	0.5309	0.5300	0.5360	1.667717	1.685631	1.667190	1.699524	1.683410	1.705764	1.722142	1.698429
232000	11.1888	1.3990	1.3874	1.3888	1.3975	1.4035	1.4084	1.4071	1.3972	0.5356	0.5409	0.5400	0.5356	0.5330	0.5310	0.5301	0.5360	1.668335	1.686437	1.667899	1.701035	1.683829	1.706532	1.723098	1.699689
233000	11.1859	1.3989	1.3851	1.3883	1.3970	1.4037	1.4084	1.4071	1.3972	0.5356	0.5420	0.5401	0.5357	0.5329	0.5310	0.5301	0.5360	1.668571	1.686898	1.668470	1.702093	1.683708	1.707058	1.723877	1.701016
234000	11.1829	1.3991	1.3830	1.3876	1.3969	1.4036	1.4084	1.4071	1.3972	0.5356	0.5430	0.5404	0.5357	0.5330	0.5309	0.5301	0.5360	1.668797	1.687473	1.669283	1.703018	1.683438	1.707761	1.725064	1.702766
235000	11.1825	1.3991	1.3828	1.3876	1.3970	1.4036	1.4083	1.4070	1.3972	0.5356	0.5431	0.5404	0.5356	0.5331	0.5309	0.5301	0.5360	1.668864	1.687875	1.670056	1.703763	1.682980	1.708200	1.725990	1.704246
