Iteration	Avg_Total_Reward	Avg_Reward_User_0	Avg_Reward_User_1	Avg_Reward_User_2	Avg_Reward_User_3	Avg_Reward_User_4	Avg_Reward_User_5	Packet_Loss_Ratio_User_0	Packet_Loss_Ratio_User_1	Packet_Loss_Ratio_User_2	Packet_Loss_Ratio_User_3	Packet_Loss_Ratio_User_4	Packet_Loss_Ratio_User_5	Avg_Loss_User_0	Avg_Loss_User_1	Avg_Loss_User_2	Avg_Loss_User_3	Avg_Loss_User_4	Avg_Loss_User_5
1000	0.7880	0.1260	0.0860	0.1410	0.1460	0.1470	0.1420	0.9580	0.9762	0.9549	0.9577	0.9548	0.9557	0.280775	0.289138	0.269212	0.276488	0.280645	0.279658
2000	0.9490	0.1520	0.1350	0.1665	0.1615	0.1730	0.1610	0.9537	0.9606	0.9508	0.9599	0.9446	0.9530	0.312098	0.323560	0.308768	0.311946	0.316154	0.311030
3000	1.0527	0.1710	0.1623	0.1773	0.1730	0.1927	0.1763	0.9507	0.9517	0.9505	0.9595	0.9391	0.9484	0.329606	0.338932	0.329055	0.331419	0.335425	0.327408
4000	1.1145	0.1807	0.1772	0.1847	0.1770	0.2028	0.1920	0.9487	0.9469	0.9481	0.9606	0.9363	0.9431	0.338382	0.346455	0.338901	0.342346	0.344894	0.335864
1000	0.8110	0.1290	0.1390	0.1380	0.1550	0.1310	0.1190	0.9579	0.9561	0.9556	0.9469	0.9585	0.9607	0.317217	0.310261	0.314331	0.308913	0.310916	0.312863
1000	0.7710	0.1280	0.1140	0.1320	0.1300	0.1340	0.1330	0.9326	0.9409	0.9330	0.9303	0.9302	0.9319	0.309304	0.314694	0.307815	0.311067	0.314389	0.312316
2000	0.9495	0.1625	0.1540	0.1625	0.1560	0.1530	0.1615	0.9359	0.9401	0.9387	0.9361	0.9374	0.9366	0.325481	0.330378	0.326259	0.328033	0.329720	0.327866
1000	0.6900	0.3470	0.3430	0.8723	0.8790	0.225362	0.232543
2000	0.7290	0.3600	0.3690	0.8860	0.8929	0.232928	0.235915
3000	0.7837	0.3930	0.3907	0.8820	0.8911	0.241205	0.242989
4000	0.8608	0.4377	0.4230	0.8675	0.8822	0.247398	0.250585
5000	0.9074	0.4566	0.4508	0.8627	0.8724	0.252670	0.255477
6000	0.9510	0.4765	0.4745	0.8558	0.8645	0.257343	0.260040
7000	0.9927	0.5000	0.4927	0.8479	0.8568	0.260617	0.263407
8000	1.0331	0.5216	0.5115	0.8398	0.8500	0.263935	0.266321
9000	1.0761	0.5437	0.5324	0.8313	0.8414	0.266242	0.268699
10000	1.1065	0.5564	0.5501	0.8267	0.8347	0.268273	0.270928
11000	1.1281	0.5685	0.5595	0.8216	0.8314	0.271805	0.274059
12000	1.1542	0.5843	0.5699	0.8157	0.8278	0.273363	0.275806
13000	1.1802	0.5982	0.5820	0.8098	0.8232	0.274839	0.277450
14000	1.1999	0.6076	0.5923	0.8059	0.8190	0.276012	0.278693
15000	1.2210	0.6183	0.6027	0.8019	0.8147	0.277045	0.279673
16000	1.2381	0.6250	0.6131	0.7988	0.8102	0.277933	0.280466
17000	1.2528	0.6322	0.6206	0.7959	0.8065	0.278390	0.280780
18000	1.2683	0.6388	0.6296	0.7940	0.8027	0.278959	0.281344
19000	1.2806	0.6442	0.6364	0.7923	0.7996	0.279424	0.281743
20000	1.2910	0.6488	0.6422	0.7905	0.7971	0.279629	0.281892
21000	1.3011	0.6550	0.6461	0.7882	0.7954	0.280694	0.282841
22000	1.3114	0.6591	0.6523	0.7864	0.7932	0.280737	0.282729
23000	1.3208	0.6627	0.6581	0.7849	0.7908	0.280718	0.282559
24000	1.3312	0.6678	0.6633	0.7829	0.7887	0.280515	0.282275
25000	1.3392	0.6717	0.6675	0.7813	0.7871	0.280417	0.282101
26000	1.3461	0.6750	0.6711	0.7801	0.7856	0.280154	0.281733
27000	1.3527	0.6776	0.6752	0.7790	0.7839	0.279886	0.281409
28000	1.3569	0.6801	0.6767	0.7783	0.7830	0.279545	0.281004
29000	1.3625	0.6822	0.6803	0.7777	0.7813	0.279096	0.280496
30000	1.3676	0.6849	0.6826	0.7765	0.7804	0.278767	0.280098
31000	1.3722	0.6867	0.6855	0.7756	0.7792	0.279142	0.280363
32000	1.3766	0.6894	0.6873	0.7744	0.7783	0.278787	0.279992
33000	1.3821	0.6919	0.6902	0.7736	0.7770	0.278451	0.279638
34000	1.3864	0.6939	0.6925	0.7732	0.7767	0.278301	0.279447
35000	1.3907	0.6960	0.6947	0.7723	0.7757	0.278151	0.279250
36000	1.3951	0.6982	0.6969	0.7713	0.7747	0.278127	0.279190
37000	1.3986	0.6999	0.6986	0.7706	0.7739	0.278097	0.279064
38000	1.4024	0.7021	0.7003	0.7697	0.7733	0.278081	0.278973
39000	1.4046	0.7032	0.7014	0.7692	0.7727	0.278122	0.278939
40000	1.4078	0.7045	0.7033	0.7687	0.7719	0.278060	0.278785
41000	1.4116	0.7064	0.7052	0.7680	0.7712	0.278563	0.279303
42000	1.4145	0.7078	0.7067	0.7677	0.7706	0.278580	0.279325
43000	1.4183	0.7098	0.7086	0.7668	0.7700	0.278692	0.279452
44000	1.4218	0.7113	0.7105	0.7662	0.7694	0.278784	0.279556
45000	1.4241	0.7124	0.7117	0.7660	0.7688	0.278738	0.279544
46000	1.4254	0.7131	0.7123	0.7657	0.7684	0.278762	0.279613
47000	1.4271	0.7142	0.7130	0.7653	0.7681	0.278705	0.279615
48000	1.4294	0.7149	0.7145	0.7651	0.7673	0.278578	0.279533
49000	1.4313	0.7154	0.7159	0.7649	0.7668	0.278451	0.279449
50000	1.4331	0.7161	0.7170	0.7645	0.7664	0.278449	0.279485
51000	1.4346	0.7170	0.7177	0.7642	0.7661	0.278775	0.279827
52000	1.4363	0.7179	0.7184	0.7638	0.7660	0.278707	0.279734
53000	1.4379	0.7187	0.7192	0.7634	0.7657	0.278598	0.279605
54000	1.4397	0.7198	0.7199	0.7630	0.7655	0.278485	0.279464
55000	1.4416	0.7210	0.7205	0.7626	0.7651	0.278381	0.279332
56000	1.4433	0.7220	0.7213	0.7623	0.7648	0.278331	0.279257
57000	1.4451	0.7232	0.7219	0.7621	0.7645	0.278320	0.279227
58000	1.4461	0.7238	0.7222	0.7619	0.7643	0.278262	0.279147
59000	1.4475	0.7250	0.7225	0.7614	0.7641	0.278226	0.279087
60000	1.4486	0.7253	0.7233	0.7613	0.7638	0.278182	0.279025
61000	1.4500	0.7258	0.7242	0.7611	0.7634	0.278452	0.279294
62000	1.4512	0.7266	0.7246	0.7607	0.7632	0.278465	0.279290
63000	1.4528	0.7275	0.7254	0.7603	0.7629	0.278477	0.279257
64000	1.4536	0.7282	0.7254	0.7600	0.7627	0.278442	0.279189
65000	1.4550	0.7292	0.7258	0.7596	0.7624	0.278388	0.279095
66000	1.4558	0.7295	0.7263	0.7595	0.7622	0.278303	0.278963
67000	1.4563	0.7298	0.7265	0.7593	0.7621	0.278243	0.278848
68000	1.4575	0.7301	0.7275	0.7591	0.7617	0.278200	0.278748
69000	1.4584	0.7307	0.7278	0.7590	0.7617	0.278161	0.278671
70000	1.4598	0.7314	0.7284	0.7587	0.7614	0.278084	0.278568
71000	1.4615	0.7326	0.7289	0.7582	0.7612	0.278309	0.278793
1000	0.7060	0.3340	0.3720	0.0710	0.0702	0.239346	0.225654
2000	0.7410	0.3605	0.3805	0.0816	0.0863	0.251333	0.243196
3000	0.7990	0.3863	0.4127	0.0931	0.0993	0.259220	0.253282
4000	0.8740	0.4210	0.4530	0.1068	0.1082	0.268593	0.261775
5000	0.9320	0.4576	0.4744	0.1876	0.1843	0.276775	0.269903
6000	0.9862	0.4875	0.4987	0.2945	0.2875	0.283060	0.277340
7000	1.0283	0.5087	0.5196	0.3692	0.3619	0.288271	0.282970
8000	1.0650	0.5275	0.5375	0.4186	0.4145	0.292863	0.287348
9000	1.1020	0.5440	0.5580	0.4585	0.4509	0.296373	0.290921
10000	1.1286	0.5560	0.5726	0.4923	0.4849	0.299311	0.293834
11000	1.1558	0.5690	0.5868	0.5182	0.5100	0.303579	0.297912
12000	1.1767	0.5807	0.5961	0.5378	0.5318	0.306065	0.300361
13000	1.1969	0.5896	0.6073	0.5558	0.5503	0.308343	0.302292
14000	1.2159	0.5981	0.6177	0.5710	0.5647	0.310383	0.303949
15000	1.2313	0.6030	0.6283	0.5858	0.5773	0.311974	0.304999
16000	1.2431	0.6108	0.6324	0.5967	0.5908	0.313395	0.305590
17000	1.2551	0.6161	0.6391	0.6065	0.5997	0.314466	0.305796
18000	1.2658	0.6216	0.6443	0.6157	0.6088	0.315273	0.305650
19000	1.2775	0.6280	0.6495	0.6230	0.6164	0.316147	0.305430
20000	1.2810	0.6300	0.6509	0.6306	0.6249	0.316806	0.304920
21000	1.2868	0.6317	0.6551	0.6379	0.6314	0.318565	0.305504
22000	1.2940	0.6358	0.6583	0.6434	0.6371	0.318918	0.304522
23000	1.2996	0.6396	0.6600	0.6484	0.6427	0.319435	0.303813
24000	1.3077	0.6431	0.6647	0.6534	0.6469	0.319760	0.303032
25000	1.3128	0.6462	0.6666	0.6578	0.6515	0.319861	0.302148
26000	1.3161	0.6494	0.6667	0.6617	0.6560	0.320146	0.301542
27000	1.3210	0.6522	0.6687	0.6651	0.6607	0.320360	0.300942
28000	1.3263	0.6546	0.6717	0.6685	0.6643	0.320564	0.300383
29000	1.3301	0.6550	0.6750	0.6723	0.6673	0.320874	0.299968
30000	1.3342	0.6567	0.6775	0.6755	0.6699	0.321073	0.299548
31000	1.3379	0.6587	0.6793	0.6781	0.6728	0.321972	0.299850
32000	1.3408	0.6593	0.6816	0.6814	0.6752	0.322151	0.299520
33000	1.3442	0.6601	0.6842	0.6839	0.6775	0.322221	0.299170
34000	1.3479	0.6630	0.6850	0.6857	0.6798	0.322224	0.298859
35000	1.3521	0.6648	0.6873	0.6879	0.6817	0.322028	0.298534
36000	1.3537	0.6666	0.6871	0.6909	0.6845	0.321750	0.298317
37000	1.3583	0.6691	0.6892	0.6934	0.6863	0.321398	0.298258
38000	1.3627	0.6720	0.6907	0.6948	0.6879	0.320921	0.298275
39000	1.3655	0.6744	0.6911	0.6959	0.6900	0.320409	0.298293
40000	1.3692	0.6763	0.6928	0.6975	0.6914	0.319883	0.298280
41000	1.3726	0.6779	0.6947	0.6987	0.6929	0.319909	0.298749
42000	1.3757	0.6793	0.6964	0.7000	0.6940	0.319330	0.298681
43000	1.3785	0.6804	0.6980	0.7012	0.6954	0.318757	0.298588
44000	1.3801	0.6821	0.6981	0.7023	0.6970	0.318145	0.298431
45000	1.3820	0.6828	0.6992	0.7036	0.6979	0.317581	0.298298
46000	1.3841	0.6843	0.6997	0.7046	0.7002	0.317022	0.298147
47000	1.3854	0.6849	0.7005	0.7058	0.7014	0.316422	0.297944
48000	1.3866	0.6856	0.7010	0.7067	0.7029	0.315813	0.297704
49000	1.3895	0.6871	0.7024	0.7076	0.7036	0.315203	0.297447
50000	1.3926	0.6885	0.7041	0.7082	0.7042	0.314624	0.297200
51000	1.3948	0.6887	0.7061	0.7095	0.7048	0.314431	0.297349
52000	1.3965	0.6891	0.7074	0.7104	0.7055	0.313951	0.297170
53000	1.3986	0.6897	0.7089	0.7115	0.7061	0.313620	0.297140
54000	1.4014	0.6913	0.7100	0.7120	0.7070	0.313296	0.297108
55000	1.4027	0.6921	0.7107	0.7128	0.7079	0.312969	0.297055
56000	1.4043	0.6925	0.7118	0.7137	0.7084	0.312705	0.297048
57000	1.4052	0.6925	0.7127	0.7147	0.7091	0.312385	0.296966
58000	1.4069	0.6934	0.7135	0.7153	0.7097	0.312080	0.296912
59000	1.4084	0.6942	0.7141	0.7160	0.7103	0.311797	0.296878
60000	1.4106	0.6953	0.7152	0.7166	0.7108	0.311599	0.296905
61000	1.4134	0.6968	0.7166	0.7170	0.7112	0.311720	0.297258
62000	1.4151	0.6982	0.7169	0.7173	0.7119	0.311464	0.297231
63000	1.4147	0.6985	0.7162	0.7181	0.7130	0.311196	0.297185
64000	1.4160	0.6990	0.7171	0.7187	0.7135	0.310911	0.297115
65000	1.4168	0.6988	0.7180	0.7193	0.7140	0.310639	0.297046
66000	1.4177	0.6998	0.7178	0.7197	0.7156	0.310344	0.296945
67000	1.4175	0.6993	0.7182	0.7210	0.7162	0.310088	0.296872
68000	1.4183	0.6996	0.7187	0.7216	0.7165	0.309815	0.296778
69000	1.4189	0.6996	0.7193	0.7226	0.7168	0.309535	0.296665
70000	1.4200	0.7002	0.7198	0.7230	0.7172	0.309263	0.296562
71000	1.4218	0.7016	0.7202	0.7232	0.7177	0.309255	0.296712
72000	1.4233	0.7030	0.7203	0.7233	0.7183	0.308991	0.296604
73000	1.4236	0.7034	0.7201	0.7239	0.7192	0.308731	0.296503
74000	1.4240	0.7039	0.7201	0.7243	0.7200	0.308468	0.296395
75000	1.4240	0.7050	0.7190	0.7245	0.7210	0.308219	0.296308
76000	1.4247	0.7058	0.7190	0.7248	0.7217	0.308021	0.296260
77000	1.4251	0.7064	0.7187	0.7251	0.7225	0.307816	0.296206
78000	1.4250	0.7072	0.7178	0.7253	0.7233	0.307698	0.296237
1000	0.6140	0.3110	0.3030	0.0605	0.0607	0.381110	0.399490
2000	0.6620	0.3365	0.3255	0.0619	0.0611	0.403338	0.424960
3000	0.6790	0.3473	0.3317	0.0669	0.0614	0.432429	0.451673
4000	0.6857	0.3443	0.3415	0.1044	0.0915	0.457470	0.475111
5000	0.7174	0.3690	0.3484	0.2572	0.2574	0.558873	0.595085
6000	0.7855	0.3970	0.3885	0.3581	0.3530	0.643935	0.679322
7000	0.8483	0.4263	0.4220	0.4250	0.4205	0.723106	0.752075
8000	0.9054	0.4540	0.4514	0.4732	0.4663	0.789388	0.815575
9000	0.9426	0.4719	0.4707	0.5113	0.5046	0.850611	0.872145
10000	0.9852	0.4915	0.4937	0.5394	0.5313	0.902883	0.921597
11000	0.9973	0.4972	0.5001	0.5706	0.5639	0.968781	0.985792
12000	1.0342	0.5152	0.5190	0.5864	0.5800	1.022945	1.041671
1000	0.6600	0.3580	0.3020	0.8989	0.9278	1.934447	2.063014
2000	0.7495	0.3910	0.3585	0.8876	0.9078	1.872554	1.945433
3000	0.8083	0.4117	0.3967	0.8819	0.8905	1.844225	1.896029
4000	0.8670	0.4450	0.4220	0.8678	0.8838	1.827904	1.866707
5000	0.9252	0.4714	0.4538	0.8582	0.8706	1.814148	1.842893
6000	0.9685	0.4875	0.4810	0.8532	0.8603	1.801959	1.825723
7000	1.0046	0.5024	0.5021	0.8496	0.8529	1.791744	1.811482
8000	1.0430	0.5228	0.5202	0.8415	0.8466	1.782882	1.800669
9000	1.0721	0.5353	0.5368	0.8367	0.8402	1.774953	1.791980
10000	1.1037	0.5526	0.5511	0.8300	0.8348	1.767701	1.782749
11000	1.1261	0.5685	0.5575	0.8234	0.8341	1.782612	1.794286
12000	1.1517	0.5813	0.5704	0.8184	0.8283	1.789012	1.797467
13000	1.1733	0.5935	0.5798	0.8138	0.8239	1.793465	1.798563
14000	1.1944	0.6019	0.5924	0.8104	0.8184	1.796319	1.798205
15000	1.2156	0.6117	0.6039	0.8064	0.8136	1.797332	1.796651
16000	1.2323	0.6193	0.6129	0.8029	0.8096	1.797929	1.794935
17000	1.2485	0.6274	0.6211	0.7992	0.8065	1.796601	1.791282
18000	1.2601	0.6343	0.6258	0.7964	0.8041	1.795666	1.788206
19000	1.2730	0.6411	0.6319	0.7938	0.8011	1.793920	1.784397
20000	1.2860	0.6477	0.6383	0.7911	0.7985	1.790575	1.779449
21000	1.2955	0.6544	0.6410	0.7883	0.7988	1.787132	1.778231
22000	1.3076	0.6596	0.6480	0.7866	0.7959	1.784067	1.776408
23000	1.3172	0.6637	0.6535	0.7850	0.7935	1.780951	1.774309
24000	1.3254	0.6672	0.6582	0.7836	0.7916	1.778503	1.772955
25000	1.3324	0.6706	0.6618	0.7823	0.7898	1.776232	1.771368
26000	1.3412	0.6758	0.6654	0.7804	0.7881	1.773646	1.769424
27000	1.3483	0.6788	0.6695	0.7793	0.7866	1.770980	1.767335
28000	1.3562	0.6828	0.6734	0.7775	0.7851	1.769241	1.766194
29000	1.3633	0.6860	0.6773	0.7761	0.7835	1.767293	1.764981
30000	1.3689	0.6885	0.6803	0.7752	0.7824	1.766479	1.764821
31000	1.3709	0.6889	0.6820	0.7764	0.7821	1.767937	1.766592
32000	1.3755	0.6912	0.6843	0.7753	0.7809	1.768625	1.767184
33000	1.3813	0.6942	0.6871	0.7739	0.7797	1.769598	1.768116
34000	1.3859	0.6967	0.6891	0.7731	0.7788	1.770183	1.768596
35000	1.3895	0.6988	0.6907	0.7723	0.7780	1.771066	1.769528
36000	1.3933	0.7010	0.6923	0.7713	0.7771	1.772161	1.770724
37000	1.3965	0.7028	0.6937	0.7706	0.7764	1.772806	1.771547
38000	1.4000	0.7042	0.6958	0.7702	0.7756	1.773987	1.772893
39000	1.4045	0.7062	0.6983	0.7694	0.7745	1.774678	1.773615
40000	1.4070	0.7073	0.6998	0.7689	0.7737	1.775350	1.774222
41000	1.4061	0.7081	0.6980	0.7684	0.7744	1.777123	1.775990
42000	1.4097	0.7100	0.6997	0.7677	0.7736	1.777313	1.775813
43000	1.4121	0.7113	0.7007	0.7672	0.7730	1.777633	1.775810
44000	1.4155	0.7132	0.7023	0.7665	0.7725	1.777543	1.775521
45000	1.4172	0.7136	0.7036	0.7662	0.7719	1.777795	1.775501
46000	1.4194	0.7147	0.7047	0.7659	0.7716	1.777925	1.775341
47000	1.4225	0.7162	0.7063	0.7653	0.7709	1.778206	1.775268
48000	1.4245	0.7175	0.7070	0.7649	0.7705	1.778447	1.775147
49000	1.4276	0.7193	0.7083	0.7643	0.7699	1.778776	1.774967
50000	1.4292	0.7195	0.7096	0.7643	0.7694	1.779237	1.775082
51000	1.4298	0.7200	0.7098	0.7639	0.7699	1.781477	1.776773
52000	1.4312	0.7206	0.7106	0.7636	0.7695	1.783441	1.777822
53000	1.4328	0.7212	0.7115	0.7633	0.7691	1.785172	1.778613
54000	1.4343	0.7220	0.7122	0.7630	0.7690	1.786746	1.779337
55000	1.4359	0.7229	0.7129	0.7626	0.7686	1.788143	1.779971
56000	1.4375	0.7232	0.7143	0.7625	0.7679	1.789360	1.780466
57000	1.4392	0.7239	0.7154	0.7622	0.7674	1.790728	1.781094
58000	1.4409	0.7246	0.7164	0.7619	0.7670	1.791878	1.781492
59000	1.4424	0.7253	0.7171	0.7616	0.7666	1.792756	1.781658
60000	1.4438	0.7259	0.7179	0.7615	0.7662	1.794140	1.782335
61000	1.4451	0.7257	0.7195	0.7615	0.7655	1.795461	1.783128
62000	1.4465	0.7263	0.7202	0.7612	0.7651	1.796175	1.783235
63000	1.4481	0.7268	0.7212	0.7608	0.7648	1.796825	1.783303
64000	1.4503	0.7276	0.7227	0.7606	0.7642	1.797370	1.783267
65000	1.4520	0.7285	0.7235	0.7602	0.7639	1.797862	1.783184
66000	1.4526	0.7288	0.7238	0.7601	0.7637	1.798535	1.783288
67000	1.4541	0.7297	0.7244	0.7599	0.7634	1.799189	1.783361
68000	1.4550	0.7300	0.7250	0.7597	0.7632	1.799584	1.783308
69000	1.4565	0.7309	0.7256	0.7594	0.7630	1.800203	1.783513
70000	1.4575	0.7314	0.7261	0.7591	0.7629	1.800741	1.783663
71000	1.4581	0.7321	0.7260	0.7588	0.7628	1.801319	1.784677
72000	1.4595	0.7327	0.7269	0.7587	0.7625	1.801618	1.785165
73000	1.4607	0.7328	0.7280	0.7586	0.7621	1.801956	1.785626
74000	1.4618	0.7331	0.7287	0.7585	0.7618	1.802073	1.785892
75000	1.4624	0.7333	0.7291	0.7585	0.7616	1.802294	1.786243
76000	1.4633	0.7337	0.7296	0.7584	0.7613	1.802628	1.786774
77000	1.4644	0.7343	0.7301	0.7581	0.7611	1.802952	1.787303
78000	1.4651	0.7346	0.7305	0.7579	0.7610	1.803298	1.787766
79000	1.4658	0.7349	0.7309	0.7578	0.7609	1.803474	1.788105
80000	1.4663	0.7351	0.7311	0.7577	0.7607	1.803409	1.788167
81000	1.4642	0.7348	0.7294	0.7581	0.7623	1.803947	1.788777
82000	1.4639	0.7357	0.7282	0.7578	0.7635	1.804401	1.789073
83000	1.4647	0.7362	0.7285	0.7576	0.7634	1.804930	1.789470
84000	1.4652	0.7364	0.7288	0.7576	0.7633	1.805366	1.789735
85000	1.4660	0.7369	0.7291	0.7575	0.7631	1.805804	1.790022
86000	1.4670	0.7372	0.7298	0.7573	0.7627	1.806396	1.790473
87000	1.4678	0.7376	0.7302	0.7571	0.7625	1.806885	1.790784
88000	1.4681	0.7374	0.7307	0.7571	0.7622	1.807295	1.791005
89000	1.4688	0.7376	0.7312	0.7570	0.7619	1.807703	1.791231
90000	1.4697	0.7381	0.7317	0.7568	0.7617	1.808042	1.791436
91000	1.4681	0.7369	0.7312	0.7572	0.7618	1.808748	1.792155
92000	1.4687	0.7372	0.7315	0.7570	0.7617	1.808681	1.791836
93000	1.4692	0.7374	0.7318	0.7569	0.7614	1.808579	1.791461
94000	1.4699	0.7376	0.7322	0.7568	0.7613	1.808587	1.791301
95000	1.4703	0.7378	0.7325	0.7567	0.7612	1.808546	1.791069
96000	1.4709	0.7380	0.7329	0.7565	0.7610	1.808422	1.790816
97000	1.4720	0.7388	0.7332	0.7563	0.7608	1.808261	1.790539
98000	1.4727	0.7389	0.7337	0.7563	0.7605	1.808228	1.790423
99000	1.4736	0.7394	0.7342	0.7562	0.7603	1.808206	1.790352
100000	1.4741	0.7397	0.7345	0.7561	0.7602	1.808071	1.790176
101000	1.4744	0.7400	0.7344	0.7560	0.7602	1.808101	1.790285
102000	1.4746	0.7399	0.7347	0.7561	0.7600	1.808015	1.790029
103000	1.4749	0.7400	0.7349	0.7561	0.7598	1.807893	1.789755
104000	1.4753	0.7403	0.7349	0.7560	0.7598	1.807515	1.789250
105000	1.4757	0.7406	0.7352	0.7558	0.7597	1.807122	1.788694
106000	1.4763	0.7408	0.7355	0.7558	0.7596	1.806648	1.788081
107000	1.4769	0.7412	0.7357	0.7556	0.7594	1.806273	1.787520
108000	1.4776	0.7414	0.7362	0.7554	0.7592	1.805751	1.786838
109000	1.4785	0.7421	0.7364	0.7552	0.7591	1.805225	1.786131
110000	1.4788	0.7420	0.7368	0.7551	0.7589	1.804685	1.785451
111000	1.4782	0.7424	0.7359	0.7551	0.7598	1.805032	1.786107
112000	1.4782	0.7424	0.7358	0.7550	0.7597	1.805111	1.786309
113000	1.4784	0.7423	0.7361	0.7550	0.7596	1.805212	1.786410
114000	1.4787	0.7425	0.7363	0.7550	0.7595	1.805518	1.786676
115000	1.4789	0.7424	0.7364	0.7550	0.7594	1.805755	1.786862
116000	1.4792	0.7427	0.7365	0.7549	0.7594	1.806116	1.787197
117000	1.4794	0.7427	0.7367	0.7549	0.7593	1.806448	1.787453
118000	1.4799	0.7429	0.7370	0.7548	0.7591	1.807063	1.787900
119000	1.4801	0.7431	0.7371	0.7548	0.7591	1.807727	1.788347
120000	1.4799	0.7430	0.7369	0.7548	0.7590	1.808399	1.788753
121000	1.4800	0.7428	0.7371	0.7549	0.7590	1.809027	1.789130
122000	1.4804	0.7431	0.7373	0.7548	0.7589	1.809395	1.789267
123000	1.4807	0.7434	0.7373	0.7546	0.7590	1.809909	1.789550
124000	1.4803	0.7434	0.7369	0.7546	0.7594	1.810390	1.789837
125000	1.4803	0.7433	0.7370	0.7547	0.7595	1.810910	1.790206
126000	1.4807	0.7435	0.7372	0.7546	0.7594	1.811656	1.790766
127000	1.4809	0.7436	0.7373	0.7546	0.7593	1.812312	1.791204
128000	1.4814	0.7439	0.7376	0.7545	0.7592	1.812936	1.791644
129000	1.4821	0.7441	0.7380	0.7544	0.7590	1.813486	1.791975
130000	1.4826	0.7444	0.7382	0.7543	0.7589	1.814090	1.792404
131000	1.4826	0.7441	0.7384	0.7543	0.7588	1.814897	1.792979
132000	1.4828	0.7442	0.7386	0.7543	0.7587	1.815445	1.793272
133000	1.4829	0.7441	0.7388	0.7543	0.7586	1.815838	1.793521
134000	1.4831	0.7440	0.7391	0.7543	0.7585	1.816233	1.793846
135000	1.4832	0.7441	0.7391	0.7542	0.7584	1.816515	1.794138
136000	1.4833	0.7442	0.7390	0.7542	0.7584	1.816752	1.794420
137000	1.4832	0.7439	0.7393	0.7542	0.7582	1.816942	1.794695
138000	1.4835	0.7440	0.7395	0.7542	0.7581	1.817151	1.795000
139000	1.4835	0.7441	0.7394	0.7542	0.7581	1.817306	1.795294
140000	1.4838	0.7442	0.7396	0.7541	0.7580	1.817477	1.795570
141000	1.4834	0.7441	0.7393	0.7540	0.7582	1.817387	1.795655
142000	1.4836	0.7444	0.7393	0.7539	0.7582	1.817068	1.795449
143000	1.4836	0.7443	0.7393	0.7539	0.7582	1.816915	1.795364
144000	1.4838	0.7445	0.7393	0.7537	0.7582	1.816714	1.795200
1000	0.6060	0.3120	0.2940	0.7451	0.7894	0.764691	0.762988
2000	0.6205	0.3125	0.3080	0.7764	0.7876	0.820231	0.817906
3000	0.6473	0.3217	0.3257	0.7805	0.7858	0.848268	0.845977
4000	0.6850	0.3362	0.3488	0.7768	0.7657	0.869913	0.867213
1000	0.6270	0.3360	0.2910	0.1982	0.1830	0.383329	0.397897
2000	0.7040	0.3660	0.3380	0.2516	0.2500	0.440476	0.451661
3000	0.7263	0.3850	0.3413	0.4152	0.4296	0.515770	0.523954
4000	0.7342	0.3907	0.3435	0.4850	0.5025	0.578595	0.584794
5000	0.7384	0.3814	0.3570	0.5358	0.5473	0.625033	0.628115
6000	0.7375	0.3750	0.3625	0.5897	0.5819	0.665838	0.666303
7000	0.7409	0.3744	0.3664	0.6230	0.6058	0.701906	0.699206
8000	0.7584	0.3802	0.3781	0.6469	0.6230	0.733039	0.728188
9000	0.7696	0.3850	0.3846	0.6651	0.6340	0.761175	0.754916
10000	0.7803	0.3878	0.3925	0.6784	0.6352	0.785400	0.778474
11000	0.7913	0.3970	0.3943	0.6841	0.6447	0.809677	0.802230
12000	0.8021	0.4012	0.4008	0.6920	0.6453	0.833997	0.826168
13000	0.8145	0.4073	0.4072	0.6952	0.6454	0.855995	0.848180
14000	0.8256	0.4116	0.4141	0.7053	0.6455	0.875098	0.867473
15000	0.8362	0.4167	0.4195	0.7092	0.6492	0.894262	0.886998
16000	0.8479	0.4221	0.4258	0.7119	0.6438	0.910721	0.904443
17000	0.8531	0.4276	0.4254	0.7143	0.6455	0.924556	0.919161
18000	0.8566	0.4287	0.4278	0.7204	0.6469	0.936909	0.932296
19000	0.8630	0.4338	0.4292	0.7235	0.6529	0.948132	0.944382
20000	0.8640	0.4384	0.4257	0.7241	0.6559	0.958798	0.955522
21000	0.8655	0.4352	0.4303	0.7258	0.6531	0.968346	0.965333
22000	0.8685	0.4395	0.4290	0.7287	0.6513	0.976986	0.974323
23000	0.8733	0.4470	0.4262	0.7263	0.6521	0.984238	0.982026
24000	0.8795	0.4524	0.4271	0.7277	0.6500	0.990851	0.989014
25000	0.8826	0.4565	0.4261	0.7313	0.6503	0.995844	0.994705
26000	0.8865	0.4606	0.4258	0.7312	0.6498	1.000511	1.000118
27000	0.8893	0.4636	0.4256	0.7328	0.6488	1.005188	1.005433
28000	0.8932	0.4670	0.4263	0.7331	0.6464	1.008997	1.009861
29000	0.8969	0.4699	0.4270	0.7344	0.6434	1.012027	1.013484
30000	0.9014	0.4740	0.4274	0.7345	0.6409	1.014106	1.016253
31000	0.9063	0.4767	0.4296	0.7362	0.6369	1.016831	1.020422
32000	0.9099	0.4787	0.4312	0.7389	0.6331	1.019344	1.024243
33000	0.9140	0.4817	0.4324	0.7392	0.6298	1.020989	1.027172
34000	0.9167	0.4843	0.4324	0.7393	0.6279	1.022409	1.029878
35000	0.9201	0.4871	0.4330	0.7389	0.6258	1.023185	1.032003
36000	0.9228	0.4886	0.4343	0.7410	0.6228	1.023658	1.033893
37000	0.9256	0.4898	0.4359	0.7421	0.6196	1.024187	1.035706
38000	0.9290	0.4924	0.4366	0.7422	0.6175	1.024777	1.037661
39000	0.9313	0.4930	0.4383	0.7447	0.6146	1.025522	1.039687
40000	0.9346	0.4952	0.4395	0.7450	0.6119	1.025840	1.041237
1000	0.6570	0.3090	0.3480	0.1907	0.2004	0.436217	0.411673
2000	0.6765	0.3245	0.3520	0.2032	0.1928	0.458431	0.441738
3000	0.7093	0.3540	0.3553	0.2253	0.2160	0.489871	0.475936
4000	0.7225	0.3700	0.3525	0.2317	0.2213	0.516598	0.505197
5000	0.7130	0.3698	0.3432	0.2355	0.2166	0.535657	0.526520
6000	0.6975	0.3647	0.3328	0.2251	0.2190	0.546697	0.539104
7000	0.6876	0.3621	0.3254	0.2275	0.2084	0.554007	0.548353
8000	0.6865	0.3709	0.3156	0.2291	0.1973	0.559427	0.555474
9000	0.6838	0.3742	0.3096	0.2313	0.1909	0.563046	0.560079
10000	0.6765	0.3656	0.3109	0.2290	0.1901	0.566625	0.564728
11000	0.6832	0.3701	0.3131	0.2302	0.1914	0.571535	0.570019
12000	0.6817	0.3708	0.3109	0.2293	0.1863	0.576858	0.576561
13000	0.7008	0.3785	0.3222	0.2331	0.1903	0.582863	0.583071
14000	0.7254	0.3881	0.3373	0.2388	0.1979	0.589615	0.589966
15000	0.7523	0.3993	0.3530	0.2452	0.2076	0.598413	0.599333
16000	0.7759	0.4079	0.3680	0.2542	0.2138	0.609983	0.610759
17000	0.7992	0.4185	0.3807	0.2590	0.2209	0.622783	0.623575
18000	0.8181	0.4266	0.3915	0.2654	0.2291	0.637485	0.638012
19000	0.8368	0.4355	0.4013	0.2691	0.2354	0.654058	0.654532
20000	0.8556	0.4434	0.4122	0.2730	0.2395	0.670568	0.670659
21000	0.8684	0.4488	0.4197	0.2768	0.2449	0.688504	0.688178
22000	0.8803	0.4550	0.4253	0.2805	0.2516	0.705414	0.704918
23000	0.8914	0.4581	0.4333	0.2845	0.2548	0.722510	0.721996
24000	0.9037	0.4628	0.4408	0.2854	0.2569	0.738784	0.738233
25000	0.9130	0.4673	0.4458	0.2868	0.2610	0.753457	0.752887
26000	0.9215	0.4710	0.4505	0.2883	0.2653	0.767062	0.766485
27000	0.9303	0.4756	0.4547	0.2907	0.2690	0.779956	0.779412
28000	0.9376	0.4795	0.4581	0.2931	0.2721	0.791770	0.791286
29000	0.9458	0.4840	0.4618	0.2941	0.2760	0.802640	0.802179
30000	0.9503	0.4873	0.4630	0.2958	0.2770	0.813167	0.812747
31000	0.9536	0.4881	0.4656	0.2973	0.2788	0.823699	0.823248
32000	0.9589	0.4910	0.4679	0.2990	0.2816	0.832812	0.832374
33000	0.9648	0.4932	0.4715	0.3016	0.2841	0.841448	0.841058
34000	0.9703	0.4958	0.4744	0.3023	0.2869	0.849954	0.849609
