Iteration	Avg_Total_Reward	Avg_Reward_User_0	Avg_Reward_User_1	Avg_Reward_User_2	Avg_Reward_User_3	Avg_Reward_User_4	Avg_Reward_User_5	Avg_Reward_User_6	Avg_Reward_User_7	Avg_Reward_User_8	Avg_Reward_User_9	Packet_Loss_Ratio_User_0	Packet_Loss_Ratio_User_1	Packet_Loss_Ratio_User_2	Packet_Loss_Ratio_User_3	Packet_Loss_Ratio_User_4	Packet_Loss_Ratio_User_5	Packet_Loss_Ratio_User_6	Packet_Loss_Ratio_User_7	Packet_Loss_Ratio_User_8	Packet_Loss_Ratio_User_9	Avg_Loss_User_0	Avg_Loss_User_1	Avg_Loss_User_2	Avg_Loss_User_3	Avg_Loss_User_4	Avg_Loss_User_5	Avg_Loss_User_6	Avg_Loss_User_7	Avg_Loss_User_8	Avg_Loss_User_9
1000	6.6500	0.6730	0.6410	0.8260	0.8100	0.5490	0.8200	0.7350	0.3580	0.3270	0.9110	0.8010	0.8102	0.7465	0.7479	0.8394	0.7398	0.7722	0.9045	0.9090	0.7175	2.295462	2.244300	2.343577	2.187550	2.413853	2.316996	2.298006	2.356705	2.377688	2.220715
2000	8.3885	0.9380	0.9380	1.0225	1.0270	0.8930	1.0265	0.9940	0.2490	0.2200	1.0805	0.7076	0.7050	0.6712	0.6743	0.7175	0.6690	0.6791	0.9327	0.9412	0.6523	2.117464	2.109476	2.201263	2.097294	2.198189	2.165355	2.080846	2.307886	2.310824	2.139127
3000	9.2790	1.0777	1.0810	1.1313	1.1410	1.0480	1.1503	1.1387	0.1820	0.1647	1.1643	0.6515	0.6534	0.6337	0.6283	0.6656	0.6252	0.6266	0.9509	0.9555	0.6189	2.065528	2.068869	2.165150	2.077096	2.126489	2.122908	2.015415	2.289001	2.294157	2.121753
4000	9.7892	1.1542	1.1665	1.2035	1.2018	1.1527	1.2090	1.1967	0.1415	0.1295	1.2337	0.6216	0.6192	0.6086	0.6027	0.6291	0.6024	0.6067	0.9621	0.9653	0.5925	2.027564	2.035707	2.124663	2.047774	2.076676	2.085330	1.976421	2.251683	2.258687	2.089844
5000	10.0738	1.2116	1.2042	1.2436	1.2294	1.2010	1.2552	1.2388	0.1142	0.1048	1.2710	0.6026	0.6069	0.5945	0.5915	0.6100	0.5851	0.5923	0.9693	0.9720	0.5770	1.995278	2.004981	2.063486	2.019965	2.035668	2.048855	1.945574	2.214452	2.219940	2.028036
6000	10.2882	1.2402	1.2435	1.2735	1.2632	1.2407	1.2830	1.2620	0.0958	0.0890	1.2973	0.5906	0.5931	0.5829	0.5801	0.5963	0.5724	0.5848	0.9743	0.9761	0.5686	1.965724	1.946901	1.984546	1.962955	1.997153	2.004203	1.899062	2.173398	2.142343	1.952499
7000	10.4423	1.2654	1.2676	1.2913	1.2920	1.2683	1.2960	1.2846	0.0831	0.0789	1.3151	0.5816	0.5828	0.5756	0.5717	0.5856	0.5680	0.5784	0.9776	0.9791	0.5623	1.922351	1.882450	1.906531	1.901608	1.941113	1.942968	1.840091	2.102456	2.060933	1.876872
8000	10.6619	1.2796	1.2864	1.3119	1.3104	1.2895	1.3160	1.3031	0.0886	0.1475	1.3289	0.5769	0.5761	0.5673	0.5650	0.5763	0.5612	0.5693	0.9752	0.9559	0.5567	1.868798	1.822806	1.841749	1.839742	1.877786	1.878349	1.784744	2.025443	1.982741	1.814741
9000	10.9971	1.2918	1.3009	1.3310	1.3161	1.3032	1.3302	1.3186	0.1799	0.2889	1.3366	0.5713	0.5718	0.5599	0.5632	0.5707	0.5564	0.5614	0.9443	0.9085	0.5536	1.822667	1.778304	1.794071	1.793559	1.828001	1.829204	1.744456	1.959748	1.919616	1.769974
10000	11.3064	1.3048	1.3152	1.3397	1.3244	1.3112	1.3385	1.3278	0.3020	0.3996	1.3432	0.5672	0.5654	0.5569	0.5605	0.5680	0.5527	0.5572	0.9028	0.8715	0.5521	1.786496	1.745243	1.758598	1.759010	1.790162	1.791120	1.714197	1.905713	1.869291	1.736085
11000	11.5529	1.3129	1.3265	1.3467	1.3286	1.3215	1.3450	1.3314	0.4017	0.4904	1.3481	0.5638	0.5602	0.5540	0.5589	0.5644	0.5512	0.5552	0.8692	0.8411	0.5502	1.997291	1.951403	1.970702	1.978895	2.006330	1.999656	1.926672	2.185181	2.144894	1.949152
12000	11.7679	1.3185	1.3338	1.3522	1.3351	1.3324	1.3557	1.3362	0.4857	0.5660	1.3523	0.5625	0.5575	0.5515	0.5559	0.5601	0.5487	0.5548	0.8411	0.8156	0.5494	2.010171	1.959485	1.982876	1.986646	2.042456	2.032365	1.943901	2.162296	2.123364	1.957865
13000	11.9430	1.3252	1.3382	1.3542	1.3367	1.3415	1.3582	1.3419	0.5559	0.6327	1.3585	0.5594	0.5555	0.5504	0.5558	0.5571	0.5478	0.5537	0.8173	0.7933	0.5476	1.992745	1.944057	1.967474	1.970519	2.035118	2.026160	1.930407	2.124004	2.087333	1.942768
14000	12.0990	1.3311	1.3444	1.3551	1.3418	1.3477	1.3614	1.3458	0.6214	0.6864	1.3639	0.5568	0.5538	0.5503	0.5536	0.5543	0.5472	0.5519	0.7957	0.7756	0.5463	1.969580	1.923479	1.945871	1.948693	2.009871	2.000067	1.910371	2.087103	2.053334	1.922532
15000	12.2421	1.3357	1.3509	1.3565	1.3456	1.3533	1.3662	1.3529	0.6745	0.7369	1.3695	0.5548	0.5526	0.5496	0.5521	0.5527	0.5454	0.5502	0.7783	0.7586	0.5447	1.947474	1.905003	1.925317	1.928178	1.985221	1.975130	1.891603	2.055717	2.024960	1.904760
16000	12.3667	1.3396	1.3544	1.3623	1.3518	1.3580	1.3691	1.3593	0.7206	0.7779	1.3738	0.5528	0.5517	0.5475	0.5508	0.5515	0.5434	0.5491	0.7628	0.7446	0.5436	1.926254	1.887858	1.906835	1.908125	1.962760	1.952269	1.873796	2.027264	1.999996	1.888357
17000	12.4739	1.3428	1.3574	1.3685	1.3542	1.3615	1.3718	1.3624	0.7618	0.8146	1.3789	0.5509	0.5511	0.5453	0.5494	0.5499	0.5423	0.5476	0.7486	0.7325	0.5422	1.907367	1.872771	1.890544	1.889739	1.942451	1.931685	1.857173	2.002682	1.977257	1.873733
18000	12.5624	1.3451	1.3594	1.3726	1.3558	1.3616	1.3750	1.3655	0.7964	0.8498	1.3812	0.5509	0.5498	0.5444	0.5490	0.5496	0.5410	0.5471	0.7371	0.7204	0.5410	1.890093	1.859376	1.875979	1.873305	1.923847	1.913226	1.842541	1.981343	1.957807	1.860437
19000	12.6351	1.3474	1.3632	1.3733	1.3588	1.3656	1.3776	1.3648	0.8278	0.8766	1.3799	0.5508	0.5479	0.5441	0.5474	0.5485	0.5404	0.5469	0.7263	0.7118	0.5412	1.872693	1.845506	1.860897	1.857031	1.905752	1.895095	1.827701	1.960318	1.938955	1.846999
20000	12.7106	1.3522	1.3664	1.3757	1.3630	1.3681	1.3783	1.3639	0.8575	0.9041	1.3816	0.5490	0.5463	0.5434	0.5464	0.5476	0.5404	0.5468	0.7165	0.7027	0.5402	1.856602	1.832557	1.847165	1.841603	1.888299	1.878189	1.813797	1.940619	1.920977	1.833916
21000	12.7786	1.3550	1.3695	1.3779	1.3633	1.3711	1.3823	1.3637	0.8840	0.9269	1.3849	0.5478	0.5452	0.5427	0.5458	0.5464	0.5391	0.5467	0.7075	0.6953	0.5388	1.984113	1.957952	1.964981	1.959935	2.012090	1.997111	1.943334	2.064398	2.050777	1.966979
22000	12.8478	1.3589	1.3708	1.3794	1.3679	1.3768	1.3830	1.3664	0.9074	0.9501	1.3872	0.5471	0.5452	0.5427	0.5441	0.5444	0.5390	0.5458	0.6993	0.6873	0.5385	1.996660	1.970672	1.972365	1.968502	2.031660	2.015595	1.965754	2.069360	2.056656	1.979994
23000	12.9070	1.3608	1.3730	1.3800	1.3717	1.3778	1.3835	1.3702	0.9300	0.9720	1.3880	0.5461	0.5440	0.5422	0.5427	0.5440	0.5384	0.5446	0.6917	0.6797	0.5386	1.990489	1.966958	1.966364	1.963452	2.026506	2.010261	1.962800	2.060807	2.048443	1.974221
24000	12.9539	1.3607	1.3725	1.3810	1.3745	1.3805	1.3855	1.3718	0.9499	0.9907	1.3867	0.5468	0.5440	0.5415	0.5422	0.5429	0.5378	0.5436	0.6848	0.6731	0.5389	1.981226	1.960438	1.957739	1.955032	2.017032	2.000622	1.955240	2.050525	2.038214	1.965123
25000	12.9983	1.3635	1.3740	1.3842	1.3780	1.3800	1.3861	1.3727	0.9683	1.0053	1.3863	0.5462	0.5439	0.5403	0.5406	0.5426	0.5373	0.5430	0.6784	0.6682	0.5389	1.970874	1.952712	1.948740	1.946266	2.006208	1.990008	1.946362	2.039286	2.026977	1.954643
26000	13.0406	1.3665	1.3743	1.3846	1.3803	1.3808	1.3889	1.3737	0.9834	1.0211	1.3870	0.5456	0.5431	0.5398	0.5391	0.5424	0.5365	0.5426	0.6729	0.6627	0.5388	1.960232	1.944332	1.939264	1.937463	1.994938	1.979651	1.937180	2.028411	2.015863	1.944156
27000	13.0791	1.3672	1.3757	1.3844	1.3819	1.3822	1.3899	1.3751	1.0013	1.0336	1.3878	0.5452	0.5425	0.5406	0.5386	0.5421	0.5365	0.5420	0.6669	0.6581	0.5387	1.950463	1.936429	1.930734	1.929373	1.984389	1.970168	1.928958	2.018320	2.006046	1.934598
28000	13.1155	1.3671	1.3761	1.3854	1.3823	1.3841	1.3903	1.3765	1.0165	1.0468	1.3904	0.5448	0.5425	0.5408	0.5384	0.5413	0.5362	0.5414	0.6619	0.6537	0.5383	1.940266	1.928262	1.921734	1.920577	1.973280	1.960425	1.920337	2.007863	1.995756	1.925047
29000	13.1493	1.3701	1.3774	1.3855	1.3832	1.3852	1.3912	1.3776	1.0291	1.0590	1.3911	0.5438	0.5418	0.5411	0.5383	0.5407	0.5355	0.5410	0.6579	0.6498	0.5384	1.930669	1.920085	1.912699	1.911824	1.961992	1.950542	1.911893	1.997522	1.984811	1.915661
30000	13.1825	1.3726	1.3791	1.3850	1.3844	1.3852	1.3904	1.3788	1.0437	1.0700	1.3933	0.5428	0.5416	0.5414	0.5379	0.5404	0.5360	0.5411	0.6531	0.6461	0.5378	1.921038	1.911663	1.903347	1.903177	1.950917	1.940275	1.903125	1.987388	1.974471	1.906357
31000	13.2106	1.3738	1.3790	1.3870	1.3855	1.3852	1.3919	1.3791	1.0542	1.0813	1.3936	0.5428	0.5417	0.5404	0.5377	0.5396	0.5356	0.5410	0.6496	0.6423	0.5376	1.996200	1.987587	1.979343	1.978444	2.028876	2.020158	1.984905	2.066143	2.061385	1.988924
32000	13.2412	1.3745	1.3807	1.3885	1.3885	1.3867	1.3912	1.3804	1.0649	1.0913	1.3944	0.5422	0.5412	0.5399	0.5372	0.5396	0.5356	0.5405	0.6461	0.6387	0.5372	2.012092	2.000656	1.992125	1.985107	2.041054	2.033019	1.997632	2.076857	2.066646	2.000719
33000	13.2650	1.3751	1.3806	1.3888	1.3892	1.3877	1.3911	1.3822	1.0744	1.1002	1.3958	0.5418	0.5415	0.5397	0.5373	0.5396	0.5362	0.5401	0.6428	0.6356	0.5364	2.011537	1.998292	1.988924	1.978473	2.039007	2.030732	1.994778	2.071469	2.057604	1.997085
34000	13.2889	1.3755	1.3811	1.3896	1.3900	1.3886	1.3918	1.3839	1.0831	1.1098	1.3956	0.5418	0.5415	0.5394	0.5372	0.5392	0.5363	0.5392	0.6402	0.6325	0.5369	2.005086	1.992022	1.982415	1.970456	2.031702	2.023778	1.987736	2.062755	2.046494	1.989714
35000	13.3111	1.3764	1.3819	1.3904	1.3912	1.3905	1.3929	1.3843	1.0906	1.1194	1.3935	0.5421	0.5412	0.5388	0.5368	0.5383	0.5358	0.5388	0.6376	0.6292	0.5379	1.997550	1.984973	1.975090	1.962183	2.023311	2.016427	1.979773	2.053873	2.035573	1.982014
36000	13.3291	1.3776	1.3819	1.3911	1.3923	1.3901	1.3924	1.3835	1.0997	1.1274	1.3933	0.5417	0.5409	0.5386	0.5365	0.5379	0.5359	0.5389	0.6342	0.6264	0.5380	1.989467	1.977712	1.967113	1.954104	2.014613	2.008651	1.971373	2.044841	2.024872	1.974433
37000	13.3540	1.3787	1.3830	1.3907	1.3936	1.3905	1.3927	1.3851	1.1086	1.1361	1.3949	0.5414	0.5407	0.5385	0.5363	0.5373	0.5355	0.5385	0.6313	0.6236	0.5374	1.981178	1.970582	1.959140	1.946275	2.006144	2.001240	1.963139	2.036205	2.014431	1.966759
38000	13.3764	1.3800	1.3848	1.3909	1.3933	1.3914	1.3934	1.3862	1.1163	1.1438	1.3963	0.5408	0.5400	0.5382	0.5365	0.5365	0.5354	0.5382	0.6282	0.6210	0.5369	1.973002	1.964017	1.951632	1.938732	1.997981	1.994923	1.955023	2.028485	2.004961	1.959302
39000	13.3973	1.3815	1.3858	1.3905	1.3920	1.3920	1.3944	1.3873	1.1251	1.1513	1.3973	0.5402	0.5400	0.5385	0.5368	0.5361	0.5351	0.5380	0.6255	0.6183	0.5363	1.965127	1.957305	1.944601	1.931454	1.990270	1.988845	1.947243	2.021324	1.996693	1.952392
40000	13.4170	1.3831	1.3859	1.3913	1.3933	1.3926	1.3954	1.3881	1.1315	1.1582	1.3977	0.5396	0.5399	0.5381	0.5362	0.5362	0.5349	0.5379	0.6237	0.6163	0.5364	1.957884	1.951244	1.938395	1.924935	1.983640	1.983746	1.939889	2.014630	1.989656	1.945854
41000	13.4351	1.3839	1.3852	1.3922	1.3943	1.3935	1.3955	1.3895	1.1386	1.1630	1.3994	0.5389	0.5401	0.5376	0.5357	0.5359	0.5352	0.5374	0.6213	0.6144	0.5355	2.008168	1.999322	1.989416	1.978079	2.030225	2.035196	1.987467	2.062396	2.038186	2.000185
42000	13.4471	1.3840	1.3857	1.3927	1.3942	1.3934	1.3955	1.3890	1.1458	1.1682	1.3986	0.5392	0.5398	0.5375	0.5361	0.5359	0.5354	0.5374	0.6187	0.6125	0.5357	2.015666	2.006099	1.997284	1.984715	2.036313	2.045086	1.995875	2.071852	2.049253	2.009355
43000	13.4609	1.3838	1.3852	1.3927	1.3934	1.3945	1.3953	1.3896	1.1527	1.1742	1.3995	0.5393	0.5399	0.5375	0.5364	0.5357	0.5354	0.5372	0.6162	0.6107	0.5354	2.011524	2.002543	1.994574	1.980532	2.033509	2.041751	1.992638	2.069229	2.047180	2.006839
44000	13.4752	1.3830	1.3859	1.3936	1.3943	1.3954	1.3961	1.3910	1.1584	1.1786	1.3989	0.5397	0.5396	0.5369	0.5362	0.5351	0.5351	0.5367	0.6142	0.6090	0.5352	2.005756	1.997462	1.989934	1.974976	2.029397	2.036627	1.987258	2.064788	2.042804	2.002091
45000	13.4892	1.3833	1.3869	1.3944	1.3948	1.3960	1.3958	1.3913	1.1638	1.1837	1.3991	0.5397	0.5390	0.5367	0.5361	0.5351	0.5350	0.5365	0.6125	0.6070	0.5353	1.999053	1.991527	1.984509	1.968564	2.023977	2.030227	1.980607	2.058958	2.036991	1.995660
46000	13.5031	1.3827	1.3881	1.3940	1.3953	1.3967	1.3963	1.3911	1.1693	1.1894	1.4002	0.5396	0.5387	0.5369	0.5358	0.5348	0.5349	0.5368	0.6107	0.6050	0.5349	1.992064	1.985351	1.979018	1.961673	2.018199	2.022765	1.973383	2.053060	2.030201	1.988626
47000	13.5119	1.3834	1.3879	1.3936	1.3944	1.3966	1.3952	1.3922	1.1743	1.1942	1.4000	0.5395	0.5389	0.5369	0.5361	0.5344	0.5349	0.5369	0.6091	0.6034	0.5349	1.984814	1.978923	1.972812	1.954592	2.012308	2.014878	1.965603	2.046579	2.022846	1.981113
48000	13.5261	1.3839	1.3886	1.3942	1.3941	1.3972	1.3961	1.3929	1.1790	1.1990	1.4013	0.5395	0.5387	0.5363	0.5363	0.5342	0.5346	0.5366	0.6074	0.6017	0.5347	1.976968	1.972289	1.966300	1.947149	2.005838	2.006965	1.957475	2.039390	2.015355	1.973555
49000	13.5379	1.3839	1.3900	1.3945	1.3943	1.3973	1.3959	1.3930	1.1842	1.2027	1.4021	0.5393	0.5383	0.5363	0.5363	0.5341	0.5346	0.5367	0.6057	0.6003	0.5342	1.968810	1.965281	1.959314	1.939323	1.999094	1.998883	1.949301	2.031821	2.007720	1.965597
50000	13.5476	1.3847	1.3899	1.3954	1.3938	1.3969	1.3958	1.3937	1.1888	1.2063	1.4024	0.5389	0.5380	0.5360	0.5366	0.5343	0.5343	0.5362	0.6040	0.5990	0.5343	1.959983	1.957408	1.951262	1.931065	1.991457	1.990208	1.940537	2.023554	1.999665	1.957126
51000	13.5596	1.3847	1.3908	1.3956	1.3939	1.3977	1.3964	1.3941	1.1938	1.2103	1.4022	0.5388	0.5377	0.5361	0.5362	0.5339	0.5341	0.5362	0.6023	0.5978	0.5344	1.995591	1.990300	1.983892	1.963933	2.023038	2.024317	1.980571	2.057024	2.036229	1.991319
52000	13.5721	1.3852	1.3915	1.3960	1.3950	1.3983	1.3969	1.3953	1.1981	1.2147	1.4014	0.5386	0.5373	0.5355	0.5358	0.5335	0.5342	0.5358	0.6008	0.5965	0.5349	1.998891	1.992546	1.985757	1.967022	2.025129	2.028565	1.987534	2.058657	2.039500	1.994914
53000	13.5840	1.3852	1.3912	1.3966	1.3954	1.3988	1.3975	1.3957	1.2037	1.2188	1.4010	0.5386	0.5371	0.5353	0.5357	0.5331	0.5341	0.5355	0.5991	0.5952	0.5348	1.994941	1.989324	1.982339	1.963901	2.021339	2.025673	1.984914	2.054017	2.035531	1.991746
54000	13.5920	1.3848	1.3917	1.3967	1.3957	1.3987	1.3971	1.3962	1.2078	1.2225	1.4008	0.5386	0.5369	0.5354	0.5357	0.5334	0.5339	0.5353	0.5978	0.5939	0.5350	1.989629	1.984273	1.977010	1.958776	2.015457	2.020669	1.979970	2.048196	2.029654	1.987249
55000	13.6003	1.3863	1.3910	1.3971	1.3967	1.3988	1.3974	1.3968	1.2114	1.2250	1.3999	0.5380	0.5369	0.5353	0.5355	0.5334	0.5338	0.5352	0.5968	0.5931	0.5353	1.983414	1.978719	1.971070	1.952921	2.009191	2.014562	1.973990	2.041580	2.022968	1.981833
56000	13.6096	1.3862	1.3921	1.3971	1.3971	1.3991	1.3971	1.3970	1.2156	1.2282	1.4001	0.5376	0.5368	0.5352	0.5356	0.5331	0.5338	0.5354	0.5954	0.5919	0.5350	1.977206	1.973251	1.965064	1.946981	2.002630	2.008279	1.967861	2.034502	2.016373	1.976234
57000	13.6180	1.3865	1.3922	1.3975	1.3971	1.3998	1.3982	1.3973	1.2181	1.2310	1.4003	0.5374	0.5369	0.5349	0.5352	0.5326	0.5333	0.5355	0.5946	0.5911	0.5347	1.970935	1.967738	1.958827	1.940870	1.995936	2.001503	1.961512	2.027735	2.009671	1.970255
58000	13.6294	1.3873	1.3929	1.3982	1.3973	1.4002	1.3985	1.3979	1.2219	1.2340	1.4012	0.5370	0.5368	0.5349	0.5351	0.5327	0.5331	0.5352	0.5934	0.5901	0.5344	1.964645	1.962112	1.952536	1.934141	1.989136	1.994718	1.955040	2.020629	2.002591	1.964066
59000	13.6365	1.3882	1.3922	1.3979	1.3971	1.4006	1.4000	1.3982	1.2239	1.2366	1.4019	0.5366	0.5372	0.5350	0.5353	0.5326	0.5328	0.5352	0.5926	0.5893	0.5341	1.958133	1.956188	1.946360	1.927235	1.982252	1.987892	1.948386	2.013387	1.995064	1.957700
60000	13.6464	1.3894	1.3921	1.3983	1.3969	1.4007	1.3999	1.3993	1.2279	1.2394	1.4025	0.5362	0.5371	0.5348	0.5355	0.5323	0.5329	0.5349	0.5914	0.5880	0.5341	1.951756	1.950524	1.940373	1.920724	1.975630	1.981151	1.942103	2.006159	1.987675	1.951311
61000	13.6540	1.3896	1.3924	1.3983	1.3972	1.4011	1.4008	1.4000	1.2310	1.2413	1.4025	0.5359	0.5369	0.5348	0.5353	0.5324	0.5324	0.5347	0.5903	0.5873	0.5341	1.983899	1.981639	1.972527	1.954635	2.007233	2.014194	1.974500	2.040754	2.019537	1.983017
62000	13.6620	1.3902	1.3930	1.3976	1.3983	1.4017	1.4007	1.4002	1.2341	1.2435	1.4026	0.5357	0.5366	0.5350	0.5349	0.5324	0.5325	0.5349	0.5893	0.5864	0.5341	1.989416	1.988761	1.980452	1.959835	2.011082	2.020076	1.980927	2.043999	2.024852	1.989719
63000	13.6688	1.3905	1.3933	1.3983	1.3977	1.4015	1.4013	1.4004	1.2362	1.2469	1.4027	0.5357	0.5366	0.5346	0.5351	0.5326	0.5324	0.5349	0.5886	0.5852	0.5341	1.986828	1.987346	1.978944	1.957971	2.007549	2.016834	1.978660	2.039841	2.021391	1.987642
64000	13.6769	1.3905	1.3939	1.3988	1.3979	1.4013	1.4013	1.4010	1.2389	1.2500	1.4034	0.5356	0.5363	0.5345	0.5352	0.5327	0.5324	0.5347	0.5876	0.5842	0.5341	1.982801	1.984168	1.975099	1.954669	2.002574	2.011871	1.974907	2.034377	2.016218	1.983787
65000	13.6804	1.3904	1.3934	1.3986	1.3974	1.4018	1.4013	1.4005	1.2409	1.2524	1.4036	0.5358	0.5365	0.5343	0.5353	0.5324	0.5325	0.5349	0.5870	0.5834	0.5341	1.977936	1.979691	1.970576	1.950725	1.996599	2.005850	1.970181	2.028016	2.010277	1.978818
66000	13.6872	1.3907	1.3939	1.3983	1.3981	1.4027	1.4017	1.4008	1.2433	1.2545	1.4033	0.5358	0.5364	0.5343	0.5348	0.5321	0.5324	0.5349	0.5861	0.5826	0.5341	1.972556	1.974406	1.965546	1.946225	1.989980	1.999103	1.964610	2.021200	2.004047	1.973425
67000	13.6954	1.3913	1.3943	1.3989	1.3987	1.4026	1.4023	1.4014	1.2456	1.2566	1.4038	0.5357	0.5361	0.5341	0.5346	0.5321	0.5324	0.5347	0.5852	0.5816	0.5339	1.966813	1.968712	1.960117	1.941434	1.983143	1.992363	1.958905	2.014317	1.997761	1.968117
68000	13.7016	1.3915	1.3947	1.3989	1.3988	1.4021	1.4022	1.4016	1.2479	1.2594	1.4046	0.5358	0.5357	0.5340	0.5343	0.5322	0.5326	0.5345	0.5844	0.5807	0.5338	1.960555	1.962731	1.954289	1.936034	1.975936	1.985566	1.953108	2.007152	1.991164	1.962390
69000	13.7067	1.3918	1.3946	1.3986	1.3991	1.4019	1.4029	1.4016	1.2500	1.2617	1.4047	0.5357	0.5358	0.5340	0.5342	0.5321	0.5323	0.5346	0.5838	0.5800	0.5335	1.954098	1.956569	1.948275	1.930609	1.968482	1.978562	1.946868	1.999918	1.984177	1.956190
70000	13.7110	1.3922	1.3946	1.3977	1.3988	1.4025	1.4023	1.4021	1.2513	1.2646	1.4049	0.5354	0.5357	0.5342	0.5341	0.5318	0.5325	0.5343	0.5832	0.5789	0.5333	1.947626	1.950565	1.942521	1.924980	1.961285	1.971827	1.940792	1.992858	1.977349	1.950473
71000	13.7175	1.3926	1.3951	1.3975	1.3989	1.4030	1.4022	1.4024	1.2534	1.2669	1.4056	0.5353	0.5355	0.5345	0.5340	0.5317	0.5323	0.5342	0.5824	0.5782	0.5333	1.970794	1.975416	1.966392	1.951089	1.984689	1.995490	1.965446	2.016555	1.998877	1.975644
72000	13.7250	1.3929	1.3954	1.3972	1.3995	1.4037	1.4023	1.4029	1.2560	1.2693	1.4059	0.5353	0.5352	0.5346	0.5339	0.5316	0.5323	0.5340	0.5815	0.5775	0.5331	1.973540	1.977447	1.969694	1.955106	1.988268	1.997990	1.967961	2.017847	2.001854	1.978125
73000	13.7311	1.3932	1.3956	1.3974	1.3995	1.4042	1.4029	1.4028	1.2586	1.2714	1.4056	0.5355	0.5351	0.5345	0.5338	0.5314	0.5321	0.5339	0.5808	0.5768	0.5331	1.970991	1.975311	1.968361	1.953222	1.985931	1.995354	1.965733	2.014441	1.999509	1.976018
74000	13.7357	1.3935	1.3952	1.3974	1.3997	1.4043	1.4031	1.4030	1.2602	1.2732	1.4060	0.5352	0.5353	0.5346	0.5337	0.5314	0.5321	0.5341	0.5802	0.5761	0.5329	1.967216	1.972001	1.966040	1.950284	1.982374	1.991511	1.962685	2.010190	1.996194	1.972674
75000	13.7417	1.3932	1.3956	1.3978	1.4000	1.4038	1.4036	1.4034	1.2621	1.2760	1.4061	0.5352	0.5352	0.5347	0.5336	0.5316	0.5320	0.5340	0.5796	0.5753	0.5328	1.963254	1.967899	1.963367	1.946787	1.978192	1.987152	1.959190	2.005366	1.992180	1.969018
76000	13.7452	1.3931	1.3951	1.3985	1.4002	1.4035	1.4036	1.4036	1.2639	1.2774	1.4062	0.5353	0.5354	0.5345	0.5337	0.5319	0.5318	0.5339	0.5790	0.5748	0.5328	1.959083	1.963677	1.960215	1.942986	1.973610	1.982383	1.955361	2.000664	1.987667	1.964991
77000	13.7495	1.3930	1.3951	1.3990	1.4001	1.4038	1.4031	1.4041	1.2657	1.2794	1.4061	0.5354	0.5354	0.5343	0.5338	0.5319	0.5319	0.5336	0.5784	0.5741	0.5327	1.954883	1.959586	1.956962	1.939370	1.968923	1.977677	1.951672	1.995935	1.983118	1.960942
78000	13.7559	1.3931	1.3953	1.3995	1.4006	1.4036	1.4038	1.4048	1.2675	1.2811	1.4066	0.5356	0.5353	0.5340	0.5337	0.5319	0.5317	0.5334	0.5779	0.5736	0.5326	1.950454	1.955610	1.953849	1.935452	1.964139	1.972962	1.947818	1.991138	1.978725	1.956491
79000	13.7591	1.3929	1.3955	1.3992	1.4007	1.4042	1.4037	1.4052	1.2688	1.2819	1.4070	0.5356	0.5352	0.5340	0.5336	0.5318	0.5317	0.5333	0.5775	0.5733	0.5326	1.946238	1.951599	1.950981	1.931748	1.959374	1.968548	1.944226	1.986823	1.974557	1.952532
80000	13.7566	1.3936	1.3959	1.3977	1.4001	1.4043	1.4038	1.4056	1.2673	1.2809	1.4075	0.5355	0.5351	0.5349	0.5338	0.5318	0.5316	0.5329	0.5778	0.5742	0.5325	1.942770	1.948066	1.948516	1.928685	1.954871	1.964438	1.941003	1.982997	1.970969	1.949227
81000	13.7612	1.3941	1.3958	1.3975	1.4005	1.4046	1.4045	1.4058	1.2686	1.2827	1.4071	0.5352	0.5352	0.5349	0.5337	0.5318	0.5312	0.5329	0.5774	0.5735	0.5327	1.962213	1.968467	1.968797	1.947715	1.977211	1.985062	1.961014	2.002028	1.990480	1.969624
82000	13.7655	1.3940	1.3954	1.3981	1.4003	1.4052	1.4049	1.4055	1.2703	1.2842	1.4075	0.5352	0.5353	0.5347	0.5339	0.5317	0.5311	0.5328	0.5768	0.5729	0.5324	1.963708	1.972111	1.971700	1.949896	1.980289	1.987018	1.964003	2.003813	1.993756	1.973074
83000	13.7692	1.3948	1.3954	1.3986	1.4002	1.4053	1.4050	1.4054	1.2712	1.2858	1.4075	0.5350	0.5354	0.5347	0.5338	0.5317	0.5310	0.5328	0.5765	0.5723	0.5325	1.962588	1.972362	1.971957	1.949488	1.979149	1.986268	1.963779	2.002831	1.992877	1.972974
84000	13.7728	1.3947	1.3957	1.3987	1.4003	1.4053	1.4049	1.4058	1.2729	1.2873	1.4072	0.5350	0.5353	0.5345	0.5338	0.5316	0.5310	0.5328	0.5760	0.5717	0.5327	1.960966	1.971773	1.971459	1.948158	1.977379	1.984788	1.962864	2.000859	1.991123	1.972160
85000	13.7767	1.3948	1.3958	1.3988	1.4008	1.4052	1.4054	1.4054	1.2749	1.2886	1.4071	0.5349	0.5354	0.5345	0.5336	0.5318	0.5308	0.5329	0.5754	0.5712	0.5326	1.958951	1.970267	1.970777	1.946291	1.974822	1.982919	1.961249	1.998235	1.988764	1.970608
86000	13.7795	1.3948	1.3957	1.3990	1.4012	1.4051	1.4055	1.4057	1.2760	1.2896	1.4068	0.5350	0.5355	0.5345	0.5335	0.5319	0.5309	0.5327	0.5751	0.5709	0.5327	1.956813	1.968442	1.969663	1.944209	1.971951	1.980933	1.959380	1.995410	1.985898	1.968371
87000	13.7824	1.3953	1.3957	1.3992	1.4009	1.4049	1.4053	1.4053	1.2780	1.2910	1.4068	0.5347	0.5354	0.5344	0.5335	0.5320	0.5309	0.5328	0.5744	0.5704	0.5325	1.954999	1.966382	1.968771	1.942210	1.968892	1.978712	1.957396	1.992415	1.982861	1.966487
88000	13.7868	1.3958	1.3958	1.3991	1.4008	1.4051	1.4057	1.4058	1.2794	1.2923	1.4070	0.5346	0.5355	0.5344	0.5336	0.5319	0.5309	0.5327	0.5740	0.5700	0.5327	1.953063	1.964712	1.967463	1.939837	1.965563	1.976171	1.955261	1.989326	1.979827	1.964523
89000	13.7900	1.3963	1.3953	1.3988	1.4013	1.4050	1.4057	1.4061	1.2814	1.2934	1.4067	0.5345	0.5358	0.5345	0.5334	0.5320	0.5309	0.5325	0.5732	0.5698	0.5326	1.950916	1.962768	1.966010	1.936969	1.961776	1.973105	1.952827	1.985723	1.976669	1.962712
90000	13.7908	1.3964	1.3944	1.3982	1.4019	1.4050	1.4050	1.4063	1.2826	1.2943	1.4068	0.5346	0.5361	0.5348	0.5333	0.5320	0.5314	0.5323	0.5728	0.5695	0.5325	1.949047	1.960948	1.965115	1.934198	1.958296	1.970459	1.950853	1.982419	1.973380	1.960928
91000	13.7938	1.3972	1.3945	1.3980	1.4021	1.4048	1.4054	1.4060	1.2839	1.2956	1.4064	0.5343	0.5359	0.5350	0.5331	0.5322	0.5313	0.5324	0.5724	0.5691	0.5326	1.965026	1.975862	1.982026	1.950296	1.976336	1.987010	1.971602	1.999794	1.990074	1.980587
92000	13.7984	1.3972	1.3942	1.3985	1.4029	1.4056	1.4054	1.4061	1.2854	1.2965	1.4068	0.5343	0.5360	0.5349	0.5330	0.5321	0.5312	0.5324	0.5718	0.5688	0.5325	1.967007	1.978747	1.985168	1.952115	1.978373	1.989344	1.974024	2.002011	1.991606	1.983131
93000	13.8028	1.3970	1.3939	1.3990	1.4031	1.4062	1.4056	1.4059	1.2872	1.2979	1.4070	0.5343	0.5361	0.5348	0.5328	0.5321	0.5313	0.5326	0.5711	0.5682	0.5324	1.966521	1.979219	1.986362	1.951712	1.977600	1.988725	1.973352	2.001884	1.990505	1.982481
94000	13.8052	1.3971	1.3942	1.3996	1.4029	1.4058	1.4055	1.4061	1.2889	1.2984	1.4066	0.5343	0.5359	0.5345	0.5327	0.5322	0.5314	0.5325	0.5704	0.5680	0.5325	1.965565	1.978425	1.986199	1.950675	1.975642	1.987386	1.971324	2.000413	1.988257	1.980662
95000	13.8099	1.3977	1.3947	1.3999	1.4035	1.4056	1.4053	1.4061	1.2904	1.2999	1.4068	0.5341	0.5359	0.5343	0.5326	0.5323	0.5315	0.5327	0.5699	0.5674	0.5323	1.964162	1.977081	1.985616	1.948947	1.973412	1.986058	1.969000	1.998686	1.985519	1.978321
96000	13.8120	1.3980	1.3946	1.3999	1.4030	1.4057	1.4051	1.4062	1.2915	1.3010	1.4071	0.5340	0.5359	0.5343	0.5328	0.5323	0.5316	0.5325	0.5697	0.5670	0.5321	1.962055	1.975514	1.984207	1.946792	1.970636	1.984274	1.965998	1.996582	1.982143	1.975288
97000	13.8140	1.3983	1.3943	1.4000	1.4024	1.4058	1.4048	1.4063	1.2926	1.3020	1.4075	0.5340	0.5363	0.5343	0.5328	0.5322	0.5317	0.5325	0.5693	0.5666	0.5319	1.960000	1.974034	1.982653	1.944668	1.967755	1.982020	1.962731	1.994381	1.978574	1.972107
98000	13.8177	1.3983	1.3944	1.4003	1.4018	1.4058	1.4050	1.4068	1.2946	1.3028	1.4079	0.5340	0.5363	0.5340	0.5331	0.5323	0.5317	0.5324	0.5687	0.5663	0.5319	1.957822	1.972792	1.980907	1.942425	1.964889	1.979461	1.959212	1.991934	1.974851	1.968787
99000	13.8204	1.3986	1.3942	1.4007	1.4019	1.4064	1.4052	1.4064	1.2957	1.3036	1.4077	0.5340	0.5364	0.5338	0.5329	0.5321	0.5317	0.5325	0.5682	0.5660	0.5318	1.956045	1.972165	1.979206	1.940368	1.962181	1.977112	1.955892	1.989481	1.971201	1.966094
100000	13.8109	1.3993	1.3935	1.3988	1.4021	1.4048	1.4032	1.4063	1.2931	1.3023	1.4075	0.5338	0.5367	0.5345	0.5328	0.5329	0.5328	0.5325	0.5695	0.5664	0.5317	1.954223	1.971966	1.977619	1.938484	1.959500	1.974691	1.952626	1.986968	1.967743	1.964089
101000	13.8131	1.3998	1.3937	1.3994	1.4020	1.4051	1.4030	1.4061	1.2936	1.3033	1.4071	0.5335	0.5368	0.5344	0.5329	0.5328	0.5327	0.5326	0.5693	0.5660	0.5317	1.971726	1.987284	1.993952	1.958287	1.976647	1.992969	1.970558	2.003935	1.986035	1.982488
102000	13.8149	1.3995	1.3941	1.3996	1.4022	1.4047	1.4030	1.4064	1.2946	1.3040	1.4068	0.5336	0.5366	0.5342	0.5330	0.5330	0.5326	0.5326	0.5690	0.5658	0.5319	1.973689	1.989959	1.996994	1.960941	1.979210	1.995094	1.971772	2.005611	1.988823	1.984946
103000	13.8170	1.3993	1.3942	1.4002	1.4025	1.4045	1.4030	1.4060	1.2953	1.3050	1.4070	0.5338	0.5368	0.5343	0.5330	0.5331	0.5326	0.5327	0.5688	0.5653	0.5318	1.972940	1.989994	1.997658	1.960659	1.978706	1.994376	1.970669	2.004963	1.988421	1.984738
104000	13.8191	1.3995	1.3945	1.4002	1.4027	1.4046	1.4028	1.4056	1.2965	1.3058	1.4070	0.5335	0.5366	0.5343	0.5331	0.5330	0.5326	0.5328	0.5683	0.5650	0.5316	1.971059	1.988685	1.997370	1.959704	1.977401	1.992718	1.968472	2.003645	1.987365	1.983682
105000	13.8210	1.3990	1.3942	1.4002	1.4026	1.4050	1.4031	1.4057	1.2973	1.3072	1.4068	0.5336	0.5366	0.5342	0.5331	0.5329	0.5328	0.5328	0.5681	0.5646	0.5318	1.968456	1.986780	1.996743	1.958411	1.975900	1.990741	1.965922	2.002035	1.986056	1.982157
106000	13.8231	1.3992	1.3944	1.4002	1.4023	1.4050	1.4030	1.4052	1.2985	1.3087	1.4067	0.5335	0.5366	0.5342	0.5332	0.5328	0.5327	0.5328	0.5677	0.5641	0.5317	1.966011	1.984565	1.996060	1.956701	1.974276	1.988608	1.963114	2.000610	1.984738	1.980326
107000	13.8251	1.3994	1.3945	1.4001	1.4020	1.4051	1.4026	1.4052	1.2999	1.3096	1.4067	0.5334	0.5366	0.5341	0.5332	0.5328	0.5328	0.5328	0.5673	0.5638	0.5316	1.963280	1.982418	1.995311	1.954967	1.972791	1.986542	1.960607	1.999636	1.983423	1.978548
108000	13.8286	1.3992	1.3951	1.4004	1.4022	1.4054	1.4031	1.4051	1.3008	1.3104	1.4070	0.5336	0.5365	0.5339	0.5330	0.5327	0.5326	0.5329	0.5668	0.5635	0.5315	1.960689	1.980331	1.994794	1.953476	1.971680	1.984724	1.958167	1.999017	1.982064	1.977265
109000	13.8307	1.3992	1.3949	1.4004	1.4018	1.4058	1.4034	1.4050	1.3021	1.3112	1.4069	0.5335	0.5366	0.5338	0.5332	0.5326	0.5326	0.5330	0.5665	0.5632	0.5315	1.958387	1.978713	1.994051	1.952175	1.970747	1.982876	1.955761	1.998444	1.980667	1.975849
110000	13.8322	1.3987	1.3953	1.4004	1.4018	1.4055	1.4032	1.4053	1.3026	1.3121	1.4072	0.5337	0.5364	0.5338	0.5331	0.5326	0.5327	0.5329	0.5663	0.5629	0.5315	1.955969	1.976765	1.993193	1.950704	1.969399	1.981103	1.953273	1.997890	1.979163	1.974345
111000	13.8344	1.3991	1.3958	1.4000	1.4019	1.4054	1.4031	1.4052	1.3032	1.3136	1.4071	0.5336	0.5363	0.5338	0.5331	0.5326	0.5327	0.5330	0.5660	0.5624	0.5314	1.973471	1.995441	2.010578	1.966800	1.987067	1.997630	1.972676	2.011732	1.994797	1.988744
112000	13.8355	1.3994	1.3962	1.4001	1.4015	1.4050	1.4031	1.4052	1.3039	1.3142	1.4070	0.5336	0.5361	0.5338	0.5331	0.5327	0.5327	0.5329	0.5657	0.5622	0.5316	1.974981	1.997136	2.012717	1.968963	1.989295	2.000420	1.974039	2.013729	1.996875	1.991112
113000	13.8374	1.3990	1.3964	1.4001	1.4020	1.4051	1.4032	1.4052	1.3048	1.3145	1.4069	0.5337	0.5360	0.5337	0.5330	0.5325	0.5327	0.5327	0.5653	0.5621	0.5316	1.974018	1.996546	2.012264	1.968563	1.988851	2.000178	1.973098	2.013375	1.996433	1.991099
114000	13.8410	1.3992	1.3968	1.4003	1.4022	1.4053	1.4036	1.4050	1.3061	1.3157	1.4068	0.5336	0.5358	0.5335	0.5330	0.5324	0.5328	0.5328	0.5650	0.5618	0.5316	1.971798	1.994819	2.010476	1.966849	1.987263	1.998791	1.971219	2.011664	1.994804	1.989857
115000	13.8425	1.3998	1.3965	1.4003	1.4022	1.4052	1.4035	1.4045	1.3072	1.3165	1.4068	0.5336	0.5359	0.5334	0.5329	0.5325	0.5329	0.5329	0.5647	0.5615	0.5316	1.968894	1.992201	2.007876	1.964307	1.984968	1.996706	1.968759	2.009468	1.992412	1.988235
116000	13.8450	1.3996	1.3967	1.4003	1.4021	1.4055	1.4036	1.4044	1.3081	1.3176	1.4072	0.5337	0.5358	0.5332	0.5330	0.5324	0.5329	0.5329	0.5644	0.5613	0.5314	1.965901	1.989376	2.005280	1.961300	1.982650	1.994401	1.966040	2.007155	1.989536	1.986345
117000	13.8465	1.3998	1.3966	1.4002	1.4020	1.4056	1.4039	1.4043	1.3086	1.3183	1.4071	0.5337	0.5359	0.5333	0.5330	0.5324	0.5328	0.5330	0.5641	0.5609	0.5315	1.963208	1.986394	2.002520	1.958488	1.979999	1.991735	1.963254	2.004494	1.986392	1.984376
118000	13.8485	1.3997	1.3967	1.4003	1.4020	1.4058	1.4042	1.4041	1.3092	1.3192	1.4074	0.5338	0.5358	0.5333	0.5331	0.5324	0.5328	0.5331	0.5638	0.5607	0.5315	1.960397	1.983229	1.999385	1.955464	1.976923	1.988708	1.960161	2.001801	1.983245	1.982219
119000	13.8495	1.3998	1.3969	1.4005	1.4020	1.4061	1.4025	1.4041	1.3100	1.3200	1.4075	0.5338	0.5356	0.5334	0.5332	0.5322	0.5333	0.5330	0.5636	0.5604	0.5315	1.957613	1.980253	1.996024	1.952500	1.973788	1.985753	1.957029	1.998940	1.979808	1.980027
120000	13.8448	1.3995	1.3973	1.4003	1.4008	1.4059	1.4011	1.4038	1.3084	1.3205	1.4071	0.5339	0.5356	0.5334	0.5337	0.5323	0.5339	0.5332	0.5644	0.5601	0.5315	1.954941	1.977290	1.992969	1.949504	1.970912	1.983027	1.953939	1.995915	1.976392	1.977631
121000	13.8462	1.3993	1.3975	1.4006	1.4008	1.4059	1.4013	1.4037	1.3090	1.3210	1.4070	0.5340	0.5355	0.5333	0.5336	0.5323	0.5339	0.5334	0.5642	0.5601	0.5316	1.970322	1.992972	2.009325	1.965637	1.985610	1.999166	1.969610	2.012151	1.991476	1.993276
122000	13.8480	1.3995	1.3969	1.4006	1.4010	1.4062	1.4015	1.4037	1.3099	1.3216	1.4069	0.5339	0.5357	0.5333	0.5336	0.5322	0.5338	0.5334	0.5639	0.5599	0.5316	1.972120	1.994232	2.010552	1.967561	1.986541	2.000800	1.971170	2.012781	1.992740	1.994585
123000	13.8489	1.3993	1.3967	1.4005	1.4014	1.4062	1.4013	1.4040	1.3109	1.3218	1.4068	0.5340	0.5357	0.5333	0.5334	0.5322	0.5339	0.5331	0.5635	0.5599	0.5317	1.971500	1.992708	2.009502	1.967155	1.985247	1.999979	1.970152	2.010838	1.991679	1.993692
124000	13.8512	1.3993	1.3971	1.4010	1.4020	1.4058	1.4012	1.4037	1.3118	1.3225	1.4069	0.5340	0.5355	0.5331	0.5333	0.5323	0.5339	0.5332	0.5632	0.5597	0.5317	1.970305	1.990276	2.007515	1.966522	1.983239	1.998146	1.968231	2.007996	1.990038	1.992257
125000	13.8532	1.3993	1.3969	1.4009	1.4023	1.4059	1.4015	1.4038	1.3126	1.3232	1.4069	0.5339	0.5355	0.5332	0.5333	0.5322	0.5337	0.5331	0.5629	0.5594	0.5318	1.968644	1.987343	2.005275	1.965665	1.981138	1.995887	1.965935	2.004865	1.988230	1.990340
126000	13.8561	1.3995	1.3971	1.4014	1.4027	1.4060	1.4012	1.4038	1.3136	1.3241	1.4068	0.5340	0.5352	0.5332	0.5332	0.5322	0.5337	0.5330	0.5626	0.5591	0.5318	1.966812	1.984306	2.002969	1.965078	1.978868	1.993431	1.963512	2.001607	1.986641	1.988440
127000	13.8585	1.3993	1.3971	1.4015	1.4029	1.4064	1.4011	1.4038	1.3143	1.3250	1.4070	0.5340	0.5353	0.5330	0.5331	0.5321	0.5338	0.5330	0.5623	0.5587	0.5318	1.964853	1.981602	2.000660	1.964329	1.976708	1.990851	1.960867	1.998526	1.985094	1.986324
128000	13.8606	1.3989	1.3975	1.4016	1.4028	1.4066	1.4012	1.4041	1.3150	1.3259	1.4068	0.5342	0.5352	0.5330	0.5332	0.5320	0.5337	0.5330	0.5620	0.5585	0.5319	1.963161	1.978991	1.998399	1.963659	1.974787	1.988253	1.958195	1.995646	1.983435	1.984501
129000	13.8603	1.3986	1.3973	1.4018	1.4025	1.4064	1.4009	1.4041	1.3155	1.3265	1.4067	0.5343	0.5353	0.5330	0.5334	0.5319	0.5339	0.5330	0.5618	0.5583	0.5318	1.961676	1.976544	1.996174	1.962747	1.972678	1.985890	1.955796	1.992687	1.981476	1.982793
130000	13.8619	1.3991	1.3969	1.4018	1.4022	1.4069	1.3998	1.4042	1.3167	1.3275	1.4067	0.5342	0.5353	0.5331	0.5334	0.5318	0.5342	0.5330	0.5615	0.5579	0.5319	1.960637	1.974349	1.994118	1.962051	1.970692	1.983629	1.953357	1.989844	1.979979	1.981068
131000	13.8636	1.3992	1.3973	1.4020	1.4024	1.4069	1.3998	1.4044	1.3174	1.3282	1.4061	0.5342	0.5352	0.5330	0.5331	0.5319	0.5340	0.5330	0.5613	0.5577	0.5321	1.973475	1.988725	2.008338	1.972705	1.984655	1.996591	1.967194	2.003439	1.992043	1.995094
132000	13.8654	1.3992	1.3973	1.4021	1.4028	1.4066	1.4000	1.4043	1.3179	1.3290	1.4062	0.5342	0.5353	0.5329	0.5331	0.5319	0.5339	0.5332	0.5611	0.5575	0.5320	1.975519	1.990151	2.009444	1.975058	1.985338	1.997655	1.967584	2.004129	1.993405	1.996764
133000	13.8665	1.3996	1.3976	1.4022	1.4025	1.4067	1.3996	1.4038	1.3182	1.3295	1.4068	0.5340	0.5352	0.5328	0.5331	0.5318	0.5340	0.5335	0.5610	0.5572	0.5319	1.975943	1.989151	2.008332	1.975726	1.983935	1.996612	1.966135	2.003136	1.992665	1.996370
134000	13.8681	1.3997	1.3979	1.4022	1.4026	1.4067	1.3993	1.4042	1.3185	1.3300	1.4072	0.5340	0.5353	0.5329	0.5332	0.5319	0.5340	0.5333	0.5607	0.5570	0.5318	1.976010	1.987515	2.006315	1.975591	1.981759	1.994749	1.964098	2.001347	1.991065	1.995515
135000	13.8698	1.3995	1.3982	1.4022	1.4028	1.4068	1.3993	1.4039	1.3193	1.3305	1.4073	0.5341	0.5353	0.5328	0.5332	0.5318	0.5339	0.5334	0.5605	0.5568	0.5317	1.976551	1.985897	2.004113	1.975131	1.979523	1.992511	1.961915	1.999508	1.989493	1.994634
136000	13.8711	1.3996	1.3981	1.4021	1.4027	1.4071	1.3993	1.4038	1.3200	1.3309	1.4073	0.5341	0.5353	0.5329	0.5333	0.5318	0.5338	0.5334	0.5602	0.5566	0.5317	1.976883	1.984033	2.001915	1.974653	1.977509	1.990194	1.959615	1.997505	1.987972	1.993697
137000	13.8725	1.3995	1.3981	1.4023	1.4025	1.4069	1.3994	1.4042	1.3209	1.3316	1.4072	0.5341	0.5353	0.5328	0.5334	0.5319	0.5339	0.5332	0.5598	0.5563	0.5318	1.977254	1.981913	1.999797	1.973719	1.975437	1.987731	1.957122	1.995307	1.986455	1.992400
138000	13.8699	1.3993	1.3973	1.4013	1.4024	1.4067	1.3990	1.4041	1.3214	1.3318	1.4065	0.5340	0.5357	0.5331	0.5334	0.5320	0.5341	0.5332	0.5597	0.5562	0.5321	1.978058	1.980148	1.997867	1.972762	1.973650	1.985188	1.954612	1.993326	1.984903	1.991506
139000	13.8687	1.3994	1.3975	1.4016	1.4026	1.4066	1.3987	1.4025	1.3221	1.3321	1.4056	0.5339	0.5357	0.5330	0.5334	0.5320	0.5342	0.5338	0.5595	0.5561	0.5324	1.979292	1.978889	1.996054	1.971914	1.971856	1.982659	1.952167	1.991272	1.983460	1.990930
140000	13.8714	1.4001	1.3973	1.4020	1.4026	1.4065	1.3992	1.4026	1.3230	1.3324	1.4058	0.5338	0.5356	0.5328	0.5334	0.5320	0.5341	0.5337	0.5593	0.5560	0.5323	1.980538	1.977553	1.993857	1.970751	1.970282	1.979935	1.949504	1.988939	1.981684	1.990293
141000	13.8727	1.4000	1.3972	1.4022	1.4027	1.4066	1.3992	1.4027	1.3235	1.3331	1.4055	0.5338	0.5357	0.5327	0.5334	0.5320	0.5341	0.5337	0.5590	0.5558	0.5323	1.989337	1.986672	2.004671	1.979086	1.981474	1.989418	1.959323	1.999716	1.992275	1.999509
142000	13.8747	1.3999	1.3972	1.4020	1.4030	1.4069	1.3990	1.4029	1.3244	1.3339	1.4054	0.5338	0.5356	0.5328	0.5333	0.5320	0.5341	0.5336	0.5587	0.5556	0.5323	1.991604	1.988084	2.005468	1.980516	1.983188	1.990156	1.960557	2.000001	1.992880	2.001406
143000	13.8753	1.3997	1.3973	1.4021	1.4031	1.4067	1.3991	1.4028	1.3248	1.3346	1.4051	0.5338	0.5356	0.5328	0.5332	0.5320	0.5341	0.5337	0.5587	0.5554	0.5325	1.993077	1.988169	2.004643	1.980591	1.983450	1.989085	1.959657	1.998840	1.991844	2.001836
144000	13.8766	1.3995	1.3974	1.4023	1.4030	1.4067	1.3992	1.4028	1.3256	1.3351	1.4050	0.5340	0.5356	0.5329	0.5332	0.5320	0.5341	0.5338	0.5584	0.5552	0.5326	1.993628	1.987853	2.003362	1.980438	1.983199	1.987371	1.958153	1.997241	1.990280	2.001745
145000	13.8787	1.3993	1.3978	1.4023	1.4032	1.4068	1.3994	1.4030	1.3262	1.3355	1.4051	0.5340	0.5354	0.5329	0.5331	0.5319	0.5340	0.5339	0.5581	0.5550	0.5326	1.993624	1.987623	2.001665	1.980103	1.983022	1.985594	1.956565	1.995869	1.988276	2.001708
146000	13.8796	1.3995	1.3980	1.4021	1.4031	1.4071	1.3990	1.4033	1.3267	1.3357	1.4051	0.5340	0.5354	0.5329	0.5332	0.5317	0.5342	0.5338	0.5580	0.5549	0.5326	1.993071	1.987122	1.999700	1.979698	1.982891	1.983463	1.955054	1.994471	1.986240	2.001729
147000	13.8806	1.3998	1.3979	1.4020	1.4032	1.4071	1.3992	1.4034	1.3272	1.3359	1.4051	0.5338	0.5354	0.5328	0.5332	0.5316	0.5342	0.5339	0.5578	0.5549	0.5324	1.992402	1.986799	1.997903	1.979198	1.982932	1.981504	1.953775	1.993252	1.984313	2.001925
148000	13.8820	1.4001	1.3981	1.4021	1.4032	1.4064	1.3993	1.4036	1.3278	1.3363	1.4052	0.5337	0.5354	0.5327	0.5333	0.5319	0.5341	0.5338	0.5576	0.5548	0.5324	1.991532	1.986548	1.995944	1.978739	1.982991	1.979501	1.952645	1.991860	1.982579	2.002095
149000	13.8830	1.4000	1.3984	1.4023	1.4031	1.4058	1.3994	1.4038	1.3286	1.3368	1.4048	0.5337	0.5353	0.5327	0.5332	0.5320	0.5342	0.5338	0.5573	0.5547	0.5326	1.990371	1.985830	1.993841	1.978424	1.982580	1.977487	1.951371	1.990384	1.980555	2.001814
150000	13.8807	1.4002	1.3984	1.4024	1.4027	1.4050	1.3991	1.4042	1.3290	1.3364	1.4032	0.5336	0.5354	0.5327	0.5335	0.5323	0.5342	0.5337	0.5572	0.5548	0.5332	1.989239	1.985458	1.991645	1.978092	1.982329	1.975607	1.950091	1.988637	1.978808	2.001547
151000	13.8820	1.4005	1.3984	1.4025	1.4026	1.4052	1.3992	1.4044	1.3294	1.3367	1.4032	0.5336	0.5354	0.5328	0.5335	0.5323	0.5342	0.5336	0.5571	0.5547	0.5333	2.000036	1.996073	2.003983	1.988511	1.992636	1.986256	1.959278	1.998037	1.990013	2.010077
152000	13.8833	1.4007	1.3989	1.4025	1.4027	1.4052	1.3992	1.4045	1.3295	1.3369	1.4033	0.5335	0.5353	0.5328	0.5334	0.5322	0.5341	0.5335	0.5571	0.5547	0.5333	2.001063	1.997791	2.005394	1.990342	1.994895	1.987365	1.960595	1.998485	1.991240	2.011216
153000	13.8847	1.4008	1.3990	1.4029	1.4028	1.4050	1.3992	1.4042	1.3303	1.3375	1.4029	0.5335	0.5352	0.5327	0.5334	0.5323	0.5341	0.5336	0.5568	0.5544	0.5334	2.000759	1.997869	2.004930	1.990538	1.995512	1.986593	1.960494	1.997737	1.990699	2.011087
154000	13.8854	1.4010	1.3990	1.4030	1.4029	1.4050	1.3996	1.4047	1.3308	1.3378	1.4016	0.5335	0.5351	0.5326	0.5334	0.5323	0.5340	0.5335	0.5566	0.5543	0.5337	1.999856	1.997145	2.003696	1.990170	1.995486	1.985285	1.959970	1.996390	1.989655	2.010447
155000	13.8849	1.4013	1.3993	1.4032	1.4028	1.4042	1.3997	1.4048	1.3312	1.3384	1.4000	0.5334	0.5351	0.5326	0.5333	0.5326	0.5340	0.5334	0.5565	0.5540	0.5342	1.999039	1.996180	2.002204	1.989248	1.994977	1.983501	1.959095	1.994734	1.988307	2.009647
156000	13.8858	1.4014	1.3993	1.4031	1.4030	1.4040	1.3995	1.4050	1.3316	1.3389	1.4000	0.5335	0.5351	0.5327	0.5332	0.5327	0.5340	0.5333	0.5564	0.5539	0.5342	1.997919	1.995089	2.000592	1.988121	1.994230	1.981327	1.957820	1.992724	1.986802	2.008409
157000	13.8867	1.4014	1.3996	1.4028	1.4028	1.4038	1.3995	1.4050	1.3321	1.3397	1.4000	0.5335	0.5349	0.5329	0.5334	0.5328	0.5340	0.5334	0.5563	0.5536	0.5342	1.997046	1.993721	1.998969	1.987123	1.993469	1.979251	1.956440	1.990777	1.985392	2.007164
158000	13.8868	1.4017	1.3999	1.4027	1.4028	1.4038	1.3994	1.4050	1.3321	1.3396	1.3998	0.5335	0.5347	0.5329	0.5333	0.5327	0.5341	0.5334	0.5563	0.5536	0.5343	1.995810	1.992139	1.997230	1.986096	1.992584	1.977114	1.954862	1.988695	1.983745	2.005559
159000	13.8839	1.4015	1.3998	1.4026	1.4030	1.4039	1.3996	1.4037	1.3320	1.3395	1.3982	0.5336	0.5347	0.5329	0.5332	0.5327	0.5339	0.5339	0.5564	0.5537	0.5347	1.994313	1.990348	1.995634	1.985314	1.991654	1.974859	1.953186	1.986477	1.982146	2.003833
160000	13.8753	1.4014	1.3991	1.4004	1.4029	1.4037	1.3997	1.4030	1.3309	1.3377	1.3965	0.5336	0.5349	0.5337	0.5333	0.5328	0.5339	0.5342	0.5568	0.5543	0.5352	1.992649	1.988467	1.994014	1.984366	1.990509	1.972676	1.951340	1.984197	1.980513	2.001954
161000	13.8767	1.4018	1.3991	1.4004	1.4027	1.4039	1.3997	1.4032	1.3313	1.3382	1.3963	0.5334	0.5348	0.5337	0.5333	0.5327	0.5339	0.5341	0.5568	0.5542	0.5353	2.002588	1.996540	2.002245	1.991446	1.999348	1.979796	1.961517	1.993489	1.990083	2.010442
162000	13.8780	1.4018	1.3989	1.4003	1.4030	1.4043	1.3997	1.4033	1.3319	1.3385	1.3963	0.5333	0.5350	0.5337	0.5333	0.5326	0.5338	0.5341	0.5566	0.5542	0.5353	2.004040	1.997503	2.004023	1.993429	2.001022	1.980680	1.963114	1.995032	1.991171	2.011412
163000	13.8782	1.4018	1.3987	1.4002	1.4028	1.4042	1.3996	1.4035	1.3320	1.3389	1.3965	0.5333	0.5349	0.5338	0.5333	0.5326	0.5340	0.5341	0.5565	0.5540	0.5353	2.004230	1.997273	2.004918	1.994368	2.001236	1.980535	1.963220	1.995022	1.990726	2.010792
164000	13.8795	1.4017	1.3990	1.4000	1.4027	1.4044	1.3999	1.4034	1.3325	1.3393	1.3966	0.5334	0.5348	0.5338	0.5334	0.5326	0.5339	0.5341	0.5563	0.5538	0.5352	2.003865	1.996629	2.005231	1.994564	2.000970	1.979904	1.962826	1.994416	1.989672	2.009750
165000	13.8805	1.4021	1.3989	1.4001	1.4026	1.4043	1.3996	1.4035	1.3332	1.3397	1.3965	0.5332	0.5349	0.5338	0.5334	0.5327	0.5340	0.5341	0.5561	0.5537	0.5353	2.003423	1.995807	2.005413	1.994638	2.000466	1.979149	1.962187	1.993432	1.988524	2.008361
166000	13.8813	1.4019	1.3991	1.4001	1.4025	1.4042	1.3997	1.4036	1.3337	1.3399	1.3965	0.5333	0.5349	0.5337	0.5334	0.5327	0.5340	0.5340	0.5558	0.5537	0.5353	2.003172	1.994988	2.005536	1.994513	1.999578	1.978237	1.961423	1.992459	1.987048	2.006866
167000	13.8825	1.4017	1.3991	1.4001	1.4026	1.4046	1.3995	1.4037	1.3344	1.3403	1.3965	0.5333	0.5350	0.5337	0.5334	0.5327	0.5340	0.5340	0.5557	0.5535	0.5352	2.003072	1.994265	2.005443	1.994266	1.998858	1.977223	1.960708	1.991404	1.985692	2.005439
168000	13.8832	1.4014	1.3992	1.4001	1.4027	1.4048	1.3994	1.4036	1.3346	1.3408	1.3966	0.5334	0.5349	0.5337	0.5335	0.5326	0.5340	0.5340	0.5556	0.5535	0.5350	2.002875	1.993223	2.005098	1.994339	1.998068	1.976002	1.960022	1.990232	1.984375	2.003866
169000	13.8846	1.4014	1.3994	1.4003	1.4027	1.4048	1.3995	1.4036	1.3350	1.3411	1.3966	0.5334	0.5349	0.5336	0.5334	0.5326	0.5340	0.5339	0.5554	0.5533	0.5351	2.002261	1.992170	2.005040	1.994250	1.997100	1.974638	1.959201	1.988772	1.983029	2.002295
170000	13.8863	1.4016	1.3996	1.4004	1.4026	1.4051	1.3998	1.4039	1.3355	1.3415	1.3964	0.5334	0.5347	0.5336	0.5334	0.5326	0.5339	0.5339	0.5553	0.5531	0.5351	2.001343	1.991026	2.005061	1.994177	1.995971	1.973214	1.958332	1.987018	1.981597	2.000634
171000	13.8881	1.4018	1.3998	1.4006	1.4027	1.4053	1.4002	1.4040	1.3357	1.3417	1.3963	0.5333	0.5347	0.5336	0.5334	0.5324	0.5336	0.5338	0.5553	0.5531	0.5351	2.011074	2.000451	2.014331	2.004285	2.005843	1.983135	1.968568	1.996687	1.990602	2.010160
172000	13.8888	1.4017	1.3997	1.4007	1.4027	1.4052	1.4004	1.4042	1.3360	1.3420	1.3963	0.5332	0.5347	0.5335	0.5333	0.5325	0.5336	0.5337	0.5551	0.5530	0.5352	2.011692	2.001495	2.016060	2.004566	2.006339	1.983343	1.969502	1.996842	1.991197	2.010419
173000	13.8904	1.4016	1.4000	1.4006	1.4025	1.4053	1.4005	1.4044	1.3367	1.3426	1.3963	0.5333	0.5346	0.5334	0.5334	0.5324	0.5336	0.5336	0.5550	0.5528	0.5351	2.010631	2.001062	2.016332	2.003451	2.005206	1.982003	1.968901	1.995330	1.990318	2.009138
174000	13.8918	1.4016	1.4001	1.4009	1.4028	1.4053	1.4006	1.4045	1.3372	1.3427	1.3963	0.5333	0.5345	0.5334	0.5332	0.5324	0.5336	0.5337	0.5549	0.5528	0.5350	2.009073	2.000335	2.016034	2.001846	2.003431	1.980319	1.967791	1.993672	1.989222	2.007485
175000	13.8929	1.4017	1.4000	1.4007	1.4029	1.4055	1.4007	1.4044	1.3375	1.3433	1.3961	0.5332	0.5345	0.5335	0.5333	0.5324	0.5337	0.5336	0.5548	0.5527	0.5350	2.007480	1.999729	2.016495	2.000013	2.001278	1.978734	1.966469	1.992549	1.988077	2.005816
176000	13.8936	1.4016	1.4000	1.4008	1.4030	1.4057	1.4004	1.4046	1.3380	1.3433	1.3960	0.5333	0.5345	0.5334	0.5333	0.5323	0.5336	0.5336	0.5546	0.5526	0.5350	2.006039	1.999290	2.017326	1.998115	1.999272	1.977331	1.965144	1.992023	1.986998	2.004329
177000	13.8952	1.4016	1.4000	1.4009	1.4033	1.4057	1.4005	1.4048	1.3387	1.3435	1.3961	0.5333	0.5346	0.5334	0.5332	0.5323	0.5337	0.5336	0.5544	0.5525	0.5349	2.004622	1.998982	2.018170	1.996233	1.997354	1.976094	1.964021	1.991682	1.986041	2.003143
178000	13.8960	1.4017	1.4000	1.4010	1.4033	1.4056	1.4005	1.4048	1.3388	1.3440	1.3962	0.5334	0.5345	0.5333	0.5332	0.5323	0.5336	0.5336	0.5543	0.5524	0.5349	2.002904	1.998657	2.018772	1.993977	1.995614	1.974695	1.963109	1.991203	1.985015	2.001862
179000	13.8959	1.4016	1.3996	1.4010	1.4032	1.4050	1.4006	1.4049	1.3392	1.3444	1.3963	0.5334	0.5347	0.5333	0.5332	0.5325	0.5336	0.5336	0.5541	0.5522	0.5348	2.001084	1.998871	2.019994	1.991759	1.994356	1.973775	1.962643	1.990328	1.983871	2.000476
180000	13.8948	1.4017	1.3990	1.4009	1.4030	1.4045	1.4007	1.4046	1.3396	1.3446	1.3962	0.5334	0.5350	0.5334	0.5332	0.5327	0.5335	0.5338	0.5540	0.5522	0.5348	1.999075	2.000042	2.021017	1.989383	1.993585	1.972817	1.962227	1.989257	1.982734	1.998966
181000	13.8968	1.4015	1.3991	1.4010	1.4033	1.4048	1.4009	1.4045	1.3405	1.3451	1.3962	0.5334	0.5351	0.5333	0.5331	0.5326	0.5335	0.5339	0.5536	0.5520	0.5347	2.008538	2.009897	2.030756	1.999439	2.004584	1.982708	1.972713	1.998795	1.992180	2.007987
182000	13.8979	1.4014	1.3992	1.4012	1.4034	1.4047	1.4009	1.4044	1.3411	1.3453	1.3962	0.5334	0.5350	0.5331	0.5331	0.5326	0.5335	0.5338	0.5535	0.5519	0.5346	2.008643	2.012847	2.033324	1.999982	2.006300	1.983828	1.974799	2.000164	1.992863	2.008841
183000	13.8989	1.4015	1.3993	1.4011	1.4035	1.4047	1.4008	1.4046	1.3415	1.3456	1.3964	0.5334	0.5350	0.5331	0.5331	0.5326	0.5335	0.5338	0.5535	0.5519	0.5345	2.007538	2.014155	2.034444	1.999011	2.006350	1.983482	1.975116	2.000030	1.991965	2.008209
184000	13.8995	1.4016	1.3991	1.4012	1.4034	1.4047	1.4009	1.4046	1.3417	1.3459	1.3964	0.5333	0.5351	0.5332	0.5330	0.5325	0.5335	0.5338	0.5534	0.5518	0.5346	2.005908	2.014765	2.034730	1.997569	2.005838	1.982441	1.974800	1.999591	1.990817	2.007042
185000	13.9002	1.4013	1.3993	1.4011	1.4033	1.4047	1.4010	1.4046	1.3420	1.3462	1.3967	0.5334	0.5350	0.5331	0.5331	0.5325	0.5335	0.5339	0.5532	0.5517	0.5345	2.004522	2.015084	2.034617	1.996002	2.004887	1.981044	1.974223	1.999268	1.989683	2.005554
186000	13.9005	1.4012	1.3995	1.4011	1.4033	1.4047	1.4010	1.4045	1.3423	1.3463	1.3965	0.5334	0.5349	0.5332	0.5332	0.5325	0.5335	0.5339	0.5532	0.5517	0.5344	2.003295	2.015167	2.034318	1.994645	2.003758	1.979798	1.973633	1.999242	1.988997	2.003936
187000	13.8980	1.4013	1.3983	1.4013	1.4031	1.4041	1.4005	1.4043	1.3425	1.3465	1.3960	0.5334	0.5353	0.5331	0.5332	0.5327	0.5337	0.5339	0.5531	0.5517	0.5347	2.002275	2.015583	2.034129	1.993383	2.003194	1.978796	1.973151	1.999414	1.988578	2.002557
188000	13.8889	1.4012	1.3952	1.4007	1.4021	1.4038	1.3997	1.4035	1.3426	1.3465	1.3935	0.5335	0.5365	0.5333	0.5337	0.5327	0.5341	0.5341	0.5530	0.5517	0.5356	2.001291	2.016939	2.034026	1.992405	2.003299	1.977643	1.972470	1.999664	1.988538	2.001312
189000	13.8879	1.4010	1.3946	1.4005	1.4021	1.4038	1.3993	1.4030	1.3428	1.3469	1.3937	0.5335	0.5368	0.5334	0.5337	0.5328	0.5342	0.5342	0.5530	0.5515	0.5356	2.000450	2.018937	2.033789	1.991929	2.003332	1.976701	1.971979	2.000165	1.988772	2.000304
190000	13.8871	1.4011	1.3944	1.4005	1.4017	1.4040	1.3989	1.4027	1.3426	1.3473	1.3938	0.5335	0.5369	0.5333	0.5339	0.5327	0.5344	0.5343	0.5532	0.5514	0.5355	1.999919	2.021172	2.033625	1.991666	2.003255	1.976035	1.971434	2.001047	1.989137	1.999211
191000	13.8881	1.4012	1.3945	1.4005	1.4018	1.4039	1.3990	1.4028	1.3429	1.3476	1.3939	0.5336	0.5368	0.5334	0.5339	0.5328	0.5344	0.5343	0.5531	0.5513	0.5356	2.008254	2.029803	2.042871	2.000531	2.011289	1.983928	1.980272	2.009068	1.996471	2.007971
192000	13.8892	1.4012	1.3946	1.4009	1.4020	1.4039	1.3990	1.4024	1.3435	1.3478	1.3939	0.5337	0.5367	0.5333	0.5338	0.5327	0.5343	0.5345	0.5529	0.5512	0.5355	2.009830	2.032772	2.044186	2.002184	2.012774	1.985571	1.981546	2.011272	1.997907	2.008923
193000	13.8898	1.4010	1.3944	1.4011	1.4021	1.4039	1.3991	1.4024	1.3437	1.3482	1.3940	0.5337	0.5368	0.5332	0.5339	0.5328	0.5343	0.5344	0.5528	0.5511	0.5355	2.010183	2.034216	2.044167	2.002462	2.013024	1.985721	1.981488	2.012271	1.998255	2.008553
194000	13.8908	1.4009	1.3947	1.4010	1.4023	1.4040	1.3991	1.4024	1.3438	1.3484	1.3943	0.5337	0.5367	0.5332	0.5338	0.5327	0.5342	0.5345	0.5528	0.5511	0.5354	2.010331	2.034918	2.043551	2.002153	2.012675	1.985203	1.980960	2.012633	1.998216	2.007823
195000	13.8924	1.4007	1.3951	1.4012	1.4021	1.4044	1.3991	1.4026	1.3442	1.3486	1.3945	0.5337	0.5366	0.5331	0.5339	0.5325	0.5342	0.5344	0.5527	0.5510	0.5353	2.010123	2.035233	2.042770	2.001598	2.012022	1.984359	1.980163	2.012778	1.998013	2.007049
196000	13.8923	1.4007	1.3952	1.4010	1.4019	1.4042	1.3987	1.4026	1.3444	1.3491	1.3945	0.5337	0.5366	0.5332	0.5339	0.5326	0.5343	0.5344	0.5526	0.5508	0.5353	2.009607	2.035676	2.041679	2.000598	2.011278	1.983392	1.979231	2.012601	1.997597	2.006186
197000	13.8936	1.4008	1.3955	1.4012	1.4018	1.4041	1.3987	1.4028	1.3447	1.3493	1.3947	0.5336	0.5365	0.5332	0.5340	0.5325	0.5343	0.5343	0.5524	0.5508	0.5352	2.008853	2.035945	2.040215	1.999321	2.010394	1.982346	1.978037	2.012311	1.997106	2.005502
198000	13.8940	1.4010	1.3957	1.4010	1.4018	1.4040	1.3984	1.4026	1.3452	1.3495	1.3948	0.5336	0.5364	0.5333	0.5339	0.5325	0.5345	0.5343	0.5523	0.5508	0.5351	2.008174	2.036210	2.038668	1.998161	2.009489	1.981390	1.977104	2.012141	1.996604	2.005177
199000	13.8927	1.4010	1.3957	1.4008	1.4018	1.4041	1.3977	1.4022	1.3454	1.3498	1.3943	0.5336	0.5364	0.5333	0.5340	0.5325	0.5348	0.5345	0.5523	0.5507	0.5353	2.007627	2.036544	2.037321	1.997340	2.008560	1.980564	1.976360	2.012103	1.996074	2.005075
200000	13.8903	1.4011	1.3959	1.4003	1.4010	1.4041	1.3968	1.4012	1.3453	1.3502	1.3942	0.5336	0.5363	0.5336	0.5343	0.5324	0.5352	0.5349	0.5524	0.5505	0.5354	2.007051	2.037048	2.036241	1.996919	2.007885	1.979873	1.975477	2.012034	1.995885	2.004729
201000	13.8912	1.4014	1.3959	1.4003	1.4010	1.4041	1.3969	1.4013	1.3455	1.3504	1.3944	0.5335	0.5363	0.5336	0.5344	0.5325	0.5352	0.5348	0.5524	0.5505	0.5353	2.014840	2.044616	2.044633	2.005755	2.015877	1.987792	1.984577	2.019716	2.003625	2.012434
202000	13.8925	1.4012	1.3959	1.4005	1.4013	1.4041	1.3970	1.4013	1.3459	1.3507	1.3945	0.5335	0.5363	0.5335	0.5343	0.5324	0.5351	0.5348	0.5522	0.5504	0.5353	2.016242	2.046088	2.045633	2.007811	2.017429	1.989302	1.986051	2.021288	2.005103	2.013704
203000	13.8935	1.4013	1.3962	1.4005	1.4014	1.4038	1.3972	1.4013	1.3465	1.3510	1.3945	0.5335	0.5362	0.5335	0.5343	0.5326	0.5351	0.5348	0.5521	0.5503	0.5353	2.016505	2.046490	2.045389	2.008467	2.017923	1.989429	1.986169	2.021518	2.005632	2.013662
204000	13.8935	1.4012	1.3961	1.4005	1.4013	1.4039	1.3963	1.4012	1.3470	1.3515	1.3944	0.5336	0.5363	0.5335	0.5343	0.5326	0.5354	0.5347	0.5519	0.5501	0.5354	2.016363	2.046754	2.044818	2.008553	2.017986	1.989111	1.985751	2.021398	2.005923	2.013016
205000	13.8935	1.4012	1.3962	1.3999	1.4012	1.4040	1.3961	1.4011	1.3473	1.3518	1.3946	0.5336	0.5363	0.5338	0.5343	0.5325	0.5355	0.5348	0.5518	0.5500	0.5354	2.015898	2.046867	2.043922	2.008451	2.017865	1.988668	1.985447	2.020921	2.006275	2.012141
206000	13.8942	1.4011	1.3961	1.4001	1.4013	1.4039	1.3962	1.4010	1.3478	1.3521	1.3946	0.5336	0.5363	0.5337	0.5343	0.5326	0.5355	0.5348	0.5516	0.5498	0.5353	2.015216	2.047401	2.042938	2.007954	2.017451	1.987893	1.984921	2.020251	2.006456	2.011208
207000	13.8945	1.4011	1.3961	1.3997	1.4013	1.4040	1.3962	1.4010	1.3482	1.3526	1.3944	0.5335	0.5363	0.5338	0.5342	0.5326	0.5354	0.5348	0.5515	0.5497	0.5354	2.014284	2.048411	2.041844	2.007191	2.016922	1.987023	1.984346	2.019669	2.006621	2.010224
208000	13.8886	1.4007	1.3959	1.3959	1.4013	1.4039	1.3960	1.3998	1.3482	1.3527	1.3942	0.5337	0.5363	0.5351	0.5343	0.5325	0.5355	0.5352	0.5515	0.5496	0.5355	2.013673	2.049390	2.041069	2.006578	2.016290	1.986509	1.984038	2.019244	2.006846	2.009306
209000	13.8879	1.4003	1.3961	1.3953	1.4013	1.4039	1.3958	1.3997	1.3485	1.3530	1.3940	0.5338	0.5362	0.5354	0.5343	0.5325	0.5356	0.5353	0.5514	0.5495	0.5356	2.013695	2.050079	2.040655	2.006415	2.015886	1.986728	1.984137	2.018953	2.007119	2.008713
210000	13.8887	1.4000	1.3962	1.3952	1.4012	1.4040	1.3956	1.3997	1.3490	1.3536	1.3940	0.5339	0.5362	0.5354	0.5343	0.5325	0.5355	0.5352	0.5512	0.5493	0.5355	2.014009	2.050660	2.040736	2.006221	2.015643	1.987595	1.984239	2.018521	2.007350	2.007961
211000	13.8893	1.3997	1.3963	1.3953	1.4013	1.4042	1.3955	1.3998	1.3491	1.3541	1.3940	0.5340	0.5362	0.5353	0.5342	0.5325	0.5357	0.5352	0.5512	0.5491	0.5356	2.021355	2.056835	2.047345	2.012824	2.022160	1.993851	1.991318	2.025111	2.014193	2.014969
212000	13.8900	1.4000	1.3961	1.3951	1.4013	1.4044	1.3957	1.3995	1.3493	1.3547	1.3939	0.5339	0.5363	0.5353	0.5342	0.5324	0.5356	0.5353	0.5511	0.5489	0.5357	2.023546	2.058149	2.049068	2.014255	2.023283	1.995589	1.993156	2.025708	2.015896	2.015311
213000	13.8903	1.4001	1.3959	1.3949	1.4013	1.4044	1.3958	1.3997	1.3495	1.3548	1.3939	0.5339	0.5363	0.5353	0.5342	0.5324	0.5355	0.5352	0.5510	0.5488	0.5356	2.024401	2.058009	2.049550	2.014478	2.023270	1.996128	1.993748	2.025367	2.016571	2.014505
214000	13.8910	1.4000	1.3960	1.3952	1.4013	1.4043	1.3959	1.3996	1.3498	1.3550	1.3939	0.5339	0.5363	0.5353	0.5343	0.5324	0.5355	0.5353	0.5509	0.5488	0.5357	2.024480	2.057283	2.049339	2.014184	2.022911	1.996079	1.993572	2.024464	2.016397	2.013116
215000	13.8925	1.4003	1.3961	1.3953	1.4014	1.4042	1.3960	1.3998	1.3500	1.3552	1.3942	0.5338	0.5363	0.5352	0.5342	0.5324	0.5355	0.5352	0.5508	0.5487	0.5357	2.024290	2.056114	2.048815	2.013650	2.022338	1.995895	1.993065	2.023333	2.016120	2.011564
216000	13.8918	1.3992	1.3962	1.3950	1.4015	1.4042	1.3961	1.3997	1.3502	1.3554	1.3944	0.5342	0.5362	0.5353	0.5341	0.5325	0.5355	0.5351	0.5507	0.5487	0.5357	2.024715	2.054964	2.048251	2.013237	2.021685	1.995623	1.992780	2.021866	2.016016	2.010057
217000	13.8923	1.3989	1.3966	1.3950	1.4014	1.4041	1.3961	1.3995	1.3504	1.3557	1.3946	0.5343	0.5361	0.5353	0.5341	0.5325	0.5355	0.5352	0.5506	0.5486	0.5356	2.025753	2.053774	2.047783	2.013097	2.021181	1.995388	1.992587	2.020319	2.016199	2.008530
218000	13.8928	1.3989	1.3968	1.3949	1.4012	1.4041	1.3959	1.3996	1.3508	1.3560	1.3947	0.5343	0.5360	0.5353	0.5343	0.5325	0.5356	0.5351	0.5505	0.5485	0.5355	2.027269	2.052632	2.047520	2.013175	2.020851	1.995261	1.992687	2.018674	2.016284	2.007043
219000	13.8933	1.3988	1.3968	1.3950	1.4009	1.4041	1.3961	1.3998	1.3510	1.3563	1.3946	0.5343	0.5360	0.5352	0.5344	0.5325	0.5356	0.5350	0.5504	0.5484	0.5356	2.029275	2.051458	2.047648	2.013363	2.020615	1.995383	1.992903	2.016876	2.017057	2.005596
220000	13.8859	1.3977	1.3958	1.3939	1.4002	1.4040	1.3959	1.3991	1.3498	1.3564	1.3930	0.5348	0.5363	0.5356	0.5346	0.5325	0.5357	0.5353	0.5510	0.5483	0.5362	2.031563	2.050504	2.047756	2.014036	2.020913	1.995775	1.993569	2.014993	2.018365	2.004629
221000	13.8859	1.3975	1.3958	1.3940	1.4003	1.4040	1.3960	1.3990	1.3499	1.3565	1.3930	0.5349	0.5363	0.5357	0.5347	0.5325	0.5356	0.5353	0.5509	0.5483	0.5362	2.040019	2.058919	2.055323	2.022204	2.028645	2.003233	2.001524	2.023313	2.026053	2.012725
222000	13.8873	1.3976	1.3958	1.3942	1.4003	1.4041	1.3960	1.3992	1.3502	1.3567	1.3931	0.5349	0.5362	0.5355	0.5346	0.5325	0.5355	0.5352	0.5508	0.5483	0.5362	2.042745	2.059933	2.056830	2.024412	2.031029	2.004655	2.004111	2.024102	2.027999	2.013808
223000	13.8887	1.3977	1.3961	1.3940	1.4005	1.4043	1.3964	1.3992	1.3506	1.3567	1.3932	0.5348	0.5361	0.5356	0.5346	0.5324	0.5354	0.5352	0.5507	0.5483	0.5361	2.044234	2.060195	2.057395	2.025352	2.032557	2.005202	2.005796	2.023694	2.029026	2.013997
224000	13.8898	1.3978	1.3962	1.3941	1.4005	1.4042	1.3965	1.3994	1.3508	1.3573	1.3930	0.5347	0.5360	0.5356	0.5345	0.5324	0.5353	0.5351	0.5505	0.5480	0.5362	2.045197	2.060154	2.057570	2.025749	2.033314	2.005325	2.007125	2.022925	2.029709	2.013858
225000	13.8909	1.3978	1.3962	1.3943	1.4006	1.4043	1.3965	1.3996	1.3511	1.3575	1.3931	0.5347	0.5360	0.5356	0.5345	0.5325	0.5353	0.5351	0.5504	0.5479	0.5362	2.045791	2.059582	2.057319	2.025903	2.033606	2.005081	2.008181	2.021815	2.030203	2.013240
226000	13.8919	1.3978	1.3963	1.3947	1.4006	1.4043	1.3966	1.3995	1.3514	1.3578	1.3930	0.5347	0.5359	0.5355	0.5345	0.5325	0.5353	0.5351	0.5503	0.5479	0.5362	2.046199	2.058625	2.056851	2.025909	2.033662	2.004585	2.008849	2.020526	2.030617	2.012420
227000	13.8931	1.3980	1.3964	1.3947	1.4006	1.4045	1.3967	1.3995	1.3517	1.3580	1.3929	0.5347	0.5358	0.5355	0.5344	0.5324	0.5353	0.5350	0.5502	0.5479	0.5362	2.046661	2.057514	2.056215	2.025604	2.033605	2.004008	2.009329	2.019205	2.030785	2.011566
228000	13.8942	1.3980	1.3963	1.3948	1.4007	1.4047	1.3969	1.3996	1.3519	1.3582	1.3931	0.5347	0.5358	0.5355	0.5344	0.5324	0.5352	0.5350	0.5501	0.5478	0.5361	2.047137	2.056169	2.055364	2.025131	2.033478	2.003404	2.009727	2.017735	2.030629	2.010561
229000	13.8949	1.3980	1.3963	1.3950	1.4006	1.4048	1.3966	1.3995	1.3523	1.3586	1.3931	0.5346	0.5358	0.5355	0.5345	0.5324	0.5353	0.5350	0.5499	0.5477	0.5361	2.047277	2.054736	2.054601	2.024519	2.033451	2.002884	2.009937	2.016161	2.030299	2.009389
230000	13.8950	1.3981	1.3965	1.3949	1.4005	1.4050	1.3954	1.3997	1.3527	1.3589	1.3932	0.5347	0.5357	0.5355	0.5345	0.5323	0.5357	0.5350	0.5498	0.5476	0.5360	2.047156	2.053202	2.053816	2.023922	2.033321	2.002147	2.010362	2.014444	2.029734	2.008151
231000	13.8959	1.3981	1.3966	1.3949	1.4004	1.4052	1.3955	1.3997	1.3532	1.3590	1.3932	0.5346	0.5357	0.5356	0.5345	0.5323	0.5358	0.5350	0.5497	0.5475	0.5361	2.054077	2.060277	2.060605	2.030971	2.040757	2.009180	2.017478	2.021707	2.036704	2.014693
232000	13.8964	1.3981	1.3968	1.3949	1.4006	1.4049	1.3955	1.3996	1.3537	1.3592	1.3932	0.5347	0.5357	0.5356	0.5344	0.5323	0.5358	0.5350	0.5495	0.5475	0.5360	2.054680	2.060252	2.061300	2.031811	2.041422	2.010241	2.018493	2.021995	2.037367	2.014890
233000	13.8972	1.3983	1.3968	1.3951	1.4005	1.4050	1.3953	1.3997	1.3538	1.3595	1.3933	0.5346	0.5356	0.5355	0.5344	0.5323	0.5359	0.5350	0.5494	0.5474	0.5360	2.054245	2.059513	2.061172	2.031565	2.041070	2.009686	2.018462	2.021870	2.037037	2.014259
234000	13.8988	1.3986	1.3970	1.3951	1.4006	1.4050	1.3950	1.3997	1.3542	1.3597	1.3937	0.5345	0.5355	0.5355	0.5343	0.5322	0.5360	0.5350	0.5492	0.5473	0.5359	2.053346	2.058555	2.060569	2.030906	2.040382	2.008735	2.017816	2.021327	2.036400	2.013523
235000	13.8990	1.3986	1.3970	1.3953	1.4007	1.4051	1.3947	1.3996	1.3545	1.3598	1.3936	0.5345	0.5355	0.5354	0.5342	0.5322	0.5362	0.5350	0.5491	0.5473	0.5360	2.052141	2.057439	2.059999	2.030187	2.039529	2.007736	2.017024	2.020943	2.035496	2.012679
236000	13.9002	1.3987	1.3969	1.3953	1.4006	1.4053	1.3948	1.3996	1.3550	1.3602	1.3937	0.5344	0.5356	0.5354	0.5343	0.5321	0.5361	0.5350	0.5489	0.5472	0.5359	2.050843	2.056202	2.059483	2.029417	2.038498	2.006474	2.015941	2.020464	2.034645	2.011550
237000	13.9009	1.3985	1.3970	1.3957	1.4008	1.4055	1.3946	1.3997	1.3552	1.3604	1.3937	0.5345	0.5356	0.5353	0.5342	0.5321	0.5362	0.5349	0.5489	0.5472	0.5360	2.049809	2.054893	2.058799	2.028508	2.037560	2.005191	2.014766	2.019893	2.033762	2.010636
238000	13.8988	1.3983	1.3971	1.3958	1.3998	1.4054	1.3940	1.3996	1.3553	1.3604	1.3931	0.5346	0.5356	0.5354	0.5345	0.5320	0.5364	0.5350	0.5489	0.5471	0.5362	2.048820	2.053508	2.058079	2.027607	2.036689	2.004009	2.013475	2.019484	2.033182	2.009498
239000	13.8937	1.3971	1.3971	1.3957	1.3991	1.4043	1.3931	1.3996	1.3551	1.3604	1.3922	0.5352	0.5356	0.5354	0.5348	0.5324	0.5367	0.5350	0.5490	0.5471	0.5365	2.048086	2.052277	2.057410	2.026917	2.036333	2.003118	2.012431	2.019480	2.032920	2.008539
240000	13.8894	1.3964	1.3972	1.3957	1.3984	1.4028	1.3925	1.3991	1.3548	1.3604	1.3920	0.5354	0.5356	0.5354	0.5351	0.5329	0.5370	0.5352	0.5491	0.5471	0.5366	2.047351	2.051001	2.056702	2.026196	2.036219	2.002256	2.011610	2.019563	2.033069	2.007515
241000	13.8897	1.3963	1.3972	1.3956	1.3984	1.4028	1.3924	1.3992	1.3550	1.3607	1.3920	0.5354	0.5355	0.5354	0.5350	0.5329	0.5370	0.5352	0.5490	0.5470	0.5366	2.053073	2.056237	2.062125	2.032470	2.042886	2.008734	2.018285	2.025417	2.039434	2.013307
242000	13.8895	1.3961	1.3971	1.3955	1.3985	1.4028	1.3924	1.3992	1.3552	1.3609	1.3919	0.5355	0.5355	0.5355	0.5350	0.5330	0.5370	0.5352	0.5489	0.5469	0.5366	2.053911	2.056124	2.063101	2.033373	2.044638	2.009880	2.018895	2.027098	2.041015	2.013975
243000	13.8909	1.3963	1.3974	1.3956	1.3986	1.4029	1.3924	1.3992	1.3554	1.3612	1.3920	0.5354	0.5354	0.5354	0.5350	0.5329	0.5370	0.5352	0.5489	0.5468	0.5366	2.053790	2.055167	2.063268	2.033477	2.045707	2.009869	2.018815	2.027771	2.041883	2.013591
244000	13.8912	1.3962	1.3973	1.3956	1.3984	1.4029	1.3922	1.3992	1.3557	1.3616	1.3920	0.5354	0.5354	0.5354	0.5350	0.5329	0.5371	0.5351	0.5488	0.5467	0.5365	2.053663	2.053908	2.063211	2.033343	2.046694	2.009588	2.018751	2.028002	2.042817	2.012809
245000	13.8904	1.3963	1.3973	1.3957	1.3981	1.4029	1.3913	1.3993	1.3557	1.3618	1.3919	0.5354	0.5354	0.5354	0.5352	0.5329	0.5374	0.5351	0.5488	0.5466	0.5365	2.053597	2.052673	2.063129	2.033334	2.047867	2.009491	2.018652	2.028145	2.043880	2.011804
246000	13.8908	1.3964	1.3975	1.3955	1.3981	1.4031	1.3911	1.3993	1.3560	1.3620	1.3919	0.5354	0.5353	0.5355	0.5352	0.5329	0.5374	0.5351	0.5488	0.5466	0.5365	2.053563	2.051312	2.063112	2.033377	2.049043	2.009428	2.018534	2.028058	2.044905	2.010917
247000	13.8912	1.3963	1.3975	1.3955	1.3982	1.4030	1.3912	1.3993	1.3561	1.3622	1.3920	0.5354	0.5353	0.5355	0.5351	0.5329	0.5375	0.5351	0.5487	0.5465	0.5365	2.053705	2.049858	2.063305	2.033606	2.050319	2.009616	2.018518	2.028095	2.046050	2.010229
248000	13.8916	1.3964	1.3972	1.3954	1.3982	1.4031	1.3911	1.3992	1.3563	1.3625	1.3920	0.5353	0.5354	0.5355	0.5351	0.5328	0.5375	0.5351	0.5487	0.5463	0.5365	2.053949	2.048539	2.063962	2.033874	2.051605	2.009811	2.018690	2.028273	2.047399	2.009724
249000	13.8919	1.3965	1.3973	1.3951	1.3983	1.4031	1.3911	1.3991	1.3566	1.3628	1.3921	0.5354	0.5354	0.5355	0.5351	0.5328	0.5375	0.5351	0.5486	0.5463	0.5365	2.054497	2.047249	2.064993	2.034328	2.053022	2.010319	2.019184	2.028511	2.048907	2.009237
250000	13.8915	1.3962	1.3972	1.3951	1.3983	1.4031	1.3910	1.3984	1.3568	1.3630	1.3922	0.5354	0.5354	0.5356	0.5351	0.5328	0.5375	0.5353	0.5485	0.5462	0.5364	2.055711	2.046075	2.066224	2.034770	2.054598	2.011086	2.020268	2.029092	2.050705	2.008854
251000	13.8922	1.3963	1.3975	1.3953	1.3984	1.4031	1.3909	1.3984	1.3570	1.3631	1.3921	0.5354	0.5353	0.5355	0.5350	0.5327	0.5376	0.5353	0.5484	0.5461	0.5365	2.061758	2.051421	2.070434	2.039817	2.059538	2.015895	2.025631	2.034303	2.055593	2.014359
252000	13.8933	1.3965	1.3977	1.3953	1.3985	1.4031	1.3910	1.3985	1.3571	1.3635	1.3921	0.5354	0.5353	0.5355	0.5350	0.5327	0.5375	0.5353	0.5483	0.5460	0.5364	2.063460	2.051366	2.072177	2.041068	2.061448	2.017917	2.027288	2.035688	2.057211	2.015166
253000	13.8945	1.3967	1.3979	1.3954	1.3986	1.4031	1.3911	1.3984	1.3575	1.3636	1.3922	0.5353	0.5353	0.5355	0.5350	0.5327	0.5375	0.5353	0.5482	0.5459	0.5364	2.064230	2.050618	2.073488	2.041464	2.062442	2.019200	2.028038	2.036035	2.057936	2.014946
254000	13.8951	1.3969	1.3979	1.3954	1.3989	1.4031	1.3913	1.3982	1.3576	1.3636	1.3922	0.5352	0.5352	0.5355	0.5349	0.5327	0.5374	0.5354	0.5481	0.5459	0.5364	2.064713	2.049591	2.074380	2.041318	2.062833	2.019945	2.028439	2.036099	2.058225	2.014379
255000	13.8959	1.3969	1.3978	1.3956	1.3991	1.4031	1.3916	1.3982	1.3577	1.3638	1.3921	0.5352	0.5353	0.5354	0.5349	0.5328	0.5373	0.5354	0.5481	0.5458	0.5364	2.064673	2.048321	2.074991	2.040812	2.062948	2.020415	2.028611	2.036027	2.058297	2.013657
256000	13.8957	1.3969	1.3975	1.3955	1.3991	1.4032	1.3915	1.3980	1.3580	1.3639	1.3920	0.5351	0.5354	0.5355	0.5348	0.5327	0.5373	0.5354	0.5481	0.5458	0.5364	2.064764	2.047186	2.075420	2.040483	2.063569	2.020715	2.028881	2.036505	2.058649	2.012975
257000	13.8936	1.3970	1.3967	1.3954	1.3989	1.4034	1.3917	1.3977	1.3569	1.3641	1.3918	0.5351	0.5356	0.5355	0.5348	0.5327	0.5373	0.5355	0.5484	0.5457	0.5365	2.064870	2.046296	2.075824	2.040286	2.064657	2.020849	2.029381	2.037585	2.059090	2.012321
258000	13.8891	1.3971	1.3963	1.3943	1.3990	1.4035	1.3901	1.3967	1.3567	1.3644	1.3911	0.5350	0.5358	0.5358	0.5348	0.5326	0.5379	0.5359	0.5486	0.5456	0.5367	2.064790	2.045822	2.076243	2.040040	2.065771	2.020867	2.030044	2.038323	2.059313	2.011677
259000	13.8880	1.3971	1.3962	1.3940	1.3990	1.4035	1.3900	1.3961	1.3568	1.3646	1.3908	0.5351	0.5358	0.5359	0.5348	0.5326	0.5379	0.5362	0.5485	0.5456	0.5368	2.064565	2.045763	2.076815	2.039638	2.067234	2.020876	2.030820	2.038784	2.059327	2.010925
260000	13.8854	1.3971	1.3951	1.3934	1.3989	1.4036	1.3896	1.3951	1.3571	1.3649	1.3906	0.5351	0.5363	0.5361	0.5348	0.5326	0.5380	0.5365	0.5484	0.5455	0.5368	2.064128	2.045718	2.077569	2.039155	2.069089	2.021060	2.031901	2.038811	2.059188	2.010040
261000	13.8863	1.3973	1.3951	1.3935	1.3987	1.4035	1.3897	1.3952	1.3573	1.3652	1.3907	0.5350	0.5363	0.5360	0.5348	0.5326	0.5380	0.5364	0.5484	0.5454	0.5368	2.069053	2.051395	2.083201	2.044994	2.075271	2.027128	2.037482	2.044668	2.064277	2.015378
262000	13.8864	1.3972	1.3945	1.3937	1.3987	1.4036	1.3899	1.3951	1.3575	1.3654	1.3908	0.5350	0.5366	0.5359	0.5348	0.5326	0.5380	0.5365	0.5483	0.5453	0.5368	2.069716	2.052344	2.084467	2.045924	2.077447	2.028156	2.039715	2.045922	2.065016	2.016010
263000	13.8854	1.3971	1.3938	1.3938	1.3988	1.4035	1.3897	1.3952	1.3572	1.3654	1.3909	0.5351	0.5369	0.5359	0.5347	0.5326	0.5381	0.5365	0.5484	0.5452	0.5367	2.069486	2.052340	2.084806	2.046117	2.078937	2.028261	2.040846	2.046394	2.064980	2.015856
264000	13.8839	1.3972	1.3925	1.3936	1.3988	1.4035	1.3890	1.3952	1.3576	1.3655	1.3911	0.5350	0.5375	0.5360	0.5347	0.5326	0.5384	0.5365	0.5483	0.5452	0.5366	2.068865	2.052011	2.084670	2.046092	2.079913	2.027877	2.041551	2.046289	2.064585	2.015314
265000	13.8841	1.3973	1.3919	1.3935	1.3991	1.4033	1.3891	1.3951	1.3578	1.3657	1.3913	0.5350	0.5377	0.5360	0.5346	0.5327	0.5383	0.5365	0.5483	0.5451	0.5366	2.067943	2.051349	2.084411	2.045865	2.080692	2.027270	2.041819	2.046000	2.064005	2.014665
266000	13.8852	1.3976	1.3916	1.3937	1.3991	1.4034	1.3893	1.3951	1.3580	1.3660	1.3914	0.5349	0.5379	0.5360	0.5346	0.5327	0.5383	0.5366	0.5482	0.5450	0.5365	2.066879	2.050466	2.083816	2.045468	2.081056	2.026471	2.041738	2.045301	2.063096	2.014012
267000	13.8860	1.3978	1.3915	1.3937	1.3992	1.4035	1.3893	1.3952	1.3582	1.3662	1.3914	0.5348	0.5379	0.5360	0.5345	0.5326	0.5382	0.5366	0.5482	0.5449	0.5366	2.065682	2.049285	2.082971	2.044731	2.081038	2.025366	2.041345	2.044497	2.061979	2.013166
268000	13.8866	1.3977	1.3912	1.3938	1.3994	1.4034	1.3895	1.3952	1.3583	1.3666	1.3916	0.5349	0.5381	0.5359	0.5345	0.5326	0.5382	0.5367	0.5482	0.5448	0.5365	2.064657	2.047983	2.082015	2.044137	2.081032	2.024387	2.040828	2.043798	2.060682	2.012493
269000	13.8871	1.3977	1.3908	1.3939	1.3995	1.4034	1.3895	1.3952	1.3587	1.3667	1.3917	0.5349	0.5383	0.5359	0.5344	0.5326	0.5382	0.5366	0.5481	0.5448	0.5365	2.063735	2.046813	2.081142	2.043493	2.081051	2.023389	2.040212	2.043323	2.059451	2.011923
270000	13.8872	1.3977	1.3906	1.3941	1.3994	1.4033	1.3896	1.3952	1.3588	1.3668	1.3918	0.5349	0.5383	0.5359	0.5344	0.5326	0.5382	0.5366	0.5480	0.5447	0.5364	2.062579	2.045820	2.080024	2.042740	2.080737	2.022125	2.039425	2.042862	2.057961	2.011361
271000	13.8881	1.3978	1.3905	1.3943	1.3992	1.4033	1.3895	1.3953	1.3591	1.3672	1.3919	0.5348	0.5383	0.5358	0.5345	0.5326	0.5381	0.5365	0.5479	0.5446	0.5364	2.067325	2.050844	2.085425	2.047849	2.086497	2.027396	2.045126	2.047583	2.063320	2.016781
272000	13.8885	1.3978	1.3903	1.3945	1.3991	1.4032	1.3896	1.3954	1.3593	1.3674	1.3919	0.5348	0.5384	0.5358	0.5345	0.5326	0.5381	0.5365	0.5479	0.5445	0.5365	2.067636	2.051226	2.085254	2.048043	2.086973	2.027447	2.045533	2.048634	2.063149	2.017216
273000	13.8890	1.3978	1.3897	1.3944	1.3992	1.4033	1.3900	1.3954	1.3595	1.3676	1.3922	0.5348	0.5386	0.5358	0.5344	0.5326	0.5379	0.5366	0.5477	0.5445	0.5365	2.067301	2.050699	2.084493	2.047866	2.086744	2.027163	2.045412	2.049160	2.062446	2.017126
274000	13.8866	1.3979	1.3877	1.3944	1.3993	1.4033	1.3888	1.3955	1.3597	1.3678	1.3922	0.5349	0.5396	0.5358	0.5344	0.5326	0.5384	0.5366	0.5477	0.5444	0.5365	2.066800	2.049985	2.083654	2.047609	2.086489	2.026936	2.045031	2.049756	2.061872	2.016847
275000	13.8846	1.3980	1.3860	1.3943	1.3993	1.4032	1.3881	1.3956	1.3598	1.3679	1.3923	0.5348	0.5403	0.5359	0.5344	0.5326	0.5388	0.5365	0.5476	0.5444	0.5364	2.066100	2.049675	2.082901	2.047391	2.086404	2.026916	2.044518	2.050462	2.061464	2.016925
276000	13.8854	1.3983	1.3859	1.3943	1.3993	1.4030	1.3882	1.3957	1.3600	1.3681	1.3924	0.5348	0.5403	0.5359	0.5344	0.5327	0.5386	0.5365	0.5476	0.5443	0.5364	2.065281	2.049649	2.082258	2.047039	2.085977	2.026701	2.043761	2.051207	2.060981	2.016994
277000	13.8858	1.3983	1.3859	1.3944	1.3993	1.4028	1.3883	1.3959	1.3602	1.3682	1.3925	0.5347	0.5403	0.5358	0.5344	0.5327	0.5386	0.5364	0.5475	0.5443	0.5364	2.064601	2.049640	2.081523	2.046506	2.085447	2.026364	2.043128	2.051914	2.060541	2.016859
278000	13.8863	1.3982	1.3859	1.3944	1.3994	1.4027	1.3885	1.3957	1.3603	1.3685	1.3927	0.5348	0.5403	0.5358	0.5344	0.5328	0.5385	0.5365	0.5475	0.5442	0.5364	2.063871	2.049467	2.080865	2.046005	2.084785	2.026050	2.042595	2.052421	2.060083	2.016603
279000	13.8848	1.3979	1.3859	1.3939	1.3990	1.4025	1.3885	1.3952	1.3604	1.3686	1.3927	0.5348	0.5403	0.5360	0.5345	0.5329	0.5385	0.5367	0.5474	0.5441	0.5363	2.063051	2.049429	2.080685	2.045742	2.084562	2.025808	2.042342	2.052616	2.059662	2.016160
280000	13.8831	1.3978	1.3859	1.3934	1.3985	1.4020	1.3887	1.3950	1.3604	1.3686	1.3928	0.5350	0.5403	0.5362	0.5347	0.5330	0.5385	0.5368	0.5474	0.5441	0.5363	2.062243	2.049472	2.080973	2.045709	2.084843	2.025735	2.042346	2.052552	2.059123	2.015898
281000	13.8838	1.3976	1.3860	1.3935	1.3984	1.4020	1.3888	1.3951	1.3607	1.3688	1.3930	0.5350	0.5402	0.5362	0.5348	0.5330	0.5385	0.5368	0.5473	0.5440	0.5363	2.067011	2.053830	2.085819	2.050044	2.089922	2.030579	2.046962	2.057295	2.064007	2.020781
282000	13.8841	1.3976	1.3858	1.3936	1.3983	1.4021	1.3891	1.3951	1.3609	1.3687	1.3930	0.5349	0.5403	0.5362	0.5348	0.5330	0.5385	0.5368	0.5472	0.5440	0.5363	2.067441	2.054794	2.087300	2.050958	2.091645	2.031971	2.048207	2.058324	2.064999	2.021710
283000	13.8846	1.3975	1.3859	1.3935	1.3983	1.4022	1.3890	1.3950	1.3612	1.3690	1.3931	0.5349	0.5404	0.5362	0.5348	0.5329	0.5385	0.5368	0.5471	0.5439	0.5363	2.067282	2.055058	2.088303	2.051272	2.092905	2.032684	2.048924	2.058759	2.065478	2.021869
284000	13.8851	1.3976	1.3859	1.3936	1.3982	1.4020	1.3890	1.3952	1.3613	1.3691	1.3931	0.5349	0.5403	0.5362	0.5349	0.5330	0.5384	0.5367	0.5471	0.5439	0.5363	2.066783	2.054949	2.088990	2.051267	2.094053	2.033194	2.049453	2.058816	2.065610	2.021728
285000	13.8796	1.3967	1.3850	1.3933	1.3976	1.3994	1.3890	1.3952	1.3611	1.3692	1.3932	0.5353	0.5408	0.5363	0.5351	0.5339	0.5384	0.5367	0.5472	0.5439	0.5362	2.066246	2.054733	2.089811	2.051074	2.095196	2.033682	2.049826	2.058669	2.065762	2.021310
286000	13.8758	1.3961	1.3843	1.3930	1.3967	1.3978	1.3891	1.3954	1.3611	1.3693	1.3932	0.5355	0.5411	0.5364	0.5354	0.5344	0.5384	0.5366	0.5472	0.5438	0.5363	2.065668	2.054497	2.090634	2.051051	2.096747	2.034277	2.050156	2.058719	2.065948	2.020684
287000	13.8737	1.3954	1.3839	1.3929	1.3964	1.3971	1.3891	1.3952	1.3612	1.3693	1.3932	0.5357	0.5413	0.5365	0.5355	0.5346	0.5383	0.5367	0.5471	0.5438	0.5363	2.065175	2.054321	2.091714	2.051155	2.098610	2.035136	2.050556	2.058949	2.066423	2.020003
288000	13.8738	1.3953	1.3838	1.3930	1.3963	1.3970	1.3891	1.3951	1.3614	1.3696	1.3932	0.5358	0.5412	0.5364	0.5356	0.5347	0.5383	0.5367	0.5470	0.5437	0.5363	2.064558	2.054064	2.092721	2.051214	2.100343	2.035793	2.050980	2.059033	2.066627	2.019167
289000	13.8747	1.3953	1.3841	1.3931	1.3962	1.3969	1.3893	1.3952	1.3616	1.3698	1.3932	0.5358	0.5412	0.5364	0.5356	0.5348	0.5382	0.5367	0.5469	0.5436	0.5363	2.063970	2.053618	2.093438	2.051073	2.101826	2.036415	2.051184	2.058782	2.066582	2.018187
290000	13.8758	1.3953	1.3844	1.3933	1.3962	1.3968	1.3895	1.3953	1.3617	1.3699	1.3934	0.5358	0.5411	0.5363	0.5356	0.5348	0.5381	0.5366	0.5469	0.5436	0.5363	2.063288	2.052948	2.093938	2.050777	2.102934	2.036701	2.051079	2.058399	2.066587	2.017116
291000	13.8766	1.3954	1.3845	1.3935	1.3963	1.3968	1.3895	1.3953	1.3620	1.3699	1.3933	0.5358	0.5409	0.5362	0.5355	0.5348	0.5381	0.5366	0.5468	0.5437	0.5362	2.068119	2.057775	2.098534	2.055490	2.107888	2.041484	2.055219	2.063079	2.071021	2.021294
292000	13.8779	1.3955	1.3847	1.3937	1.3963	1.3968	1.3896	1.3955	1.3622	1.3700	1.3935	0.5357	0.5409	0.5362	0.5355	0.5348	0.5380	0.5365	0.5467	0.5436	0.5362	2.068538	2.057822	2.098982	2.055716	2.108823	2.041731	2.055409	2.063321	2.071398	2.020784
293000	13.8789	1.3958	1.3848	1.3939	1.3963	1.3968	1.3896	1.3956	1.3625	1.3701	1.3936	0.5357	0.5408	0.5361	0.5355	0.5348	0.5380	0.5365	0.5467	0.5436	0.5361	2.068483	2.057086	2.098621	2.055253	2.108946	2.041318	2.054851	2.062989	2.071109	2.019751
294000	13.8794	1.3959	1.3850	1.3940	1.3963	1.3968	1.3893	1.3956	1.3626	1.3702	1.3936	0.5356	0.5408	0.5360	0.5355	0.5348	0.5381	0.5364	0.5467	0.5436	0.5361	2.068456	2.056063	2.097810	2.054546	2.108808	2.040508	2.054171	2.062538	2.070762	2.018444
295000	13.8800	1.3958	1.3850	1.3941	1.3963	1.3969	1.3893	1.3956	1.3630	1.3701	1.3937	0.5356	0.5408	0.5361	0.5355	0.5348	0.5382	0.5363	0.5465	0.5436	0.5360	2.068596	2.054911	2.096932	2.053676	2.108618	2.039607	2.053646	2.061873	2.070352	2.016971
296000	13.8806	1.3959	1.3851	1.3940	1.3963	1.3970	1.3894	1.3956	1.3632	1.3702	1.3938	0.5356	0.5407	0.5361	0.5355	0.5347	0.5381	0.5363	0.5465	0.5436	0.5360	2.068582	2.053538	2.095803	2.052644	2.108083	2.038476	2.053023	2.061029	2.069758	2.015457
297000	13.8807	1.3960	1.3850	1.3939	1.3963	1.3971	1.3893	1.3957	1.3633	1.3703	1.3939	0.5356	0.5407	0.5361	0.5355	0.5347	0.5382	0.5363	0.5464	0.5435	0.5360	2.068292	2.052183	2.094470	2.051553	2.107324	2.037193	2.052400	2.059973	2.069149	2.013987
298000	13.8809	1.3957	1.3850	1.3941	1.3963	1.3971	1.3890	1.3958	1.3635	1.3706	1.3939	0.5357	0.5407	0.5361	0.5355	0.5347	0.5382	0.5363	0.5464	0.5434	0.5360	2.067938	2.050855	2.093191	2.050954	2.106527	2.035910	2.052022	2.059048	2.068707	2.012656
299000	13.8783	1.3948	1.3850	1.3935	1.3962	1.3965	1.3890	1.3958	1.3630	1.3706	1.3938	0.5359	0.5407	0.5363	0.5355	0.5349	0.5382	0.5363	0.5466	0.5433	0.5360	2.067504	2.049542	2.091890	2.050548	2.105563	2.034636	2.051645	2.058269	2.068217	2.011362
300000	13.8697	1.3939	1.3842	1.3926	1.3951	1.3956	1.3876	1.3957	1.3616	1.3702	1.3931	0.5363	0.5411	0.5366	0.5359	0.5352	0.5387	0.5363	0.5472	0.5435	0.5363	2.067095	2.048205	2.090430	2.050299	2.104533	2.033233	2.051349	2.057714	2.067555	2.010138
301000	13.8702	1.3940	1.3843	1.3926	1.3952	1.3957	1.3876	1.3957	1.3617	1.3704	1.3931	0.5362	0.5411	0.5366	0.5359	0.5352	0.5387	0.5362	0.5472	0.5434	0.5362	2.072508	2.052990	2.095349	2.055023	2.109273	2.037959	2.056158	2.062356	2.072457	2.014940
302000	13.8705	1.3942	1.3843	1.3924	1.3951	1.3958	1.3874	1.3956	1.3619	1.3706	1.3932	0.5361	0.5411	0.5367	0.5360	0.5352	0.5387	0.5363	0.5471	0.5434	0.5362	2.073538	2.053580	2.095661	2.056062	2.109686	2.038071	2.057074	2.062991	2.073276	2.015063
303000	13.8711	1.3941	1.3844	1.3925	1.3952	1.3957	1.3874	1.3956	1.3621	1.3708	1.3933	0.5361	0.5410	0.5366	0.5359	0.5352	0.5387	0.5362	0.5471	0.5433	0.5361	2.073688	2.053478	2.095397	2.056435	2.109387	2.037593	2.057614	2.062822	2.073422	2.014672
304000	13.8716	1.3940	1.3845	1.3924	1.3953	1.3957	1.3877	1.3956	1.3623	1.3709	1.3933	0.5361	0.5410	0.5367	0.5359	0.5352	0.5386	0.5362	0.5470	0.5433	0.5361	2.073396	2.052985	2.094873	2.056693	2.108721	2.036874	2.057914	2.062464	2.073041	2.014043
305000	13.8731	1.3941	1.3848	1.3924	1.3954	1.3958	1.3879	1.3958	1.3624	1.3710	1.3935	0.5361	0.5409	0.5367	0.5358	0.5352	0.5385	0.5362	0.5470	0.5432	0.5360	2.072821	2.052277	2.094205	2.056885	2.107904	2.036004	2.057875	2.062051	2.072507	2.013230
306000	13.8733	1.3941	1.3847	1.3926	1.3953	1.3958	1.3878	1.3958	1.3627	1.3712	1.3934	0.5360	0.5409	0.5366	0.5358	0.5351	0.5385	0.5361	0.5469	0.5432	0.5361	2.072272	2.051491	2.093362	2.057220	2.107063	2.035143	2.057805	2.061601	2.071588	2.012387
307000	13.8732	1.3943	1.3845	1.3926	1.3953	1.3957	1.3876	1.3957	1.3627	1.3714	1.3934	0.5360	0.5409	0.5366	0.5358	0.5351	0.5386	0.5361	0.5468	0.5431	0.5360	2.071740	2.050869	2.092713	2.057600	2.106117	2.034369	2.057576	2.061125	2.070886	2.011510
308000	13.8735	1.3943	1.3844	1.3926	1.3954	1.3956	1.3877	1.3958	1.3629	1.3716	1.3933	0.5360	0.5409	0.5365	0.5358	0.5351	0.5385	0.5361	0.5468	0.5430	0.5361	2.071096	2.050178	2.091953	2.057689	2.105049	2.033528	2.057172	2.060422	2.070127	2.010555
309000	13.8742	1.3942	1.3846	1.3927	1.3954	1.3956	1.3878	1.3959	1.3630	1.3718	1.3933	0.5360	0.5408	0.5365	0.5358	0.5351	0.5386	0.5361	0.5467	0.5430	0.5361	2.070367	2.049335	2.091083	2.057469	2.103821	2.032582	2.056626	2.059609	2.069306	2.009480
310000	13.8742	1.3942	1.3844	1.3928	1.3954	1.3956	1.3875	1.3959	1.3631	1.3719	1.3934	0.5360	0.5409	0.5365	0.5358	0.5351	0.5387	0.5360	0.5467	0.5430	0.5361	2.069461	2.048308	2.090077	2.057055	2.102387	2.031488	2.055885	2.058667	2.068373	2.008380
311000	13.8750	1.3943	1.3844	1.3929	1.3956	1.3958	1.3875	1.3959	1.3634	1.3720	1.3933	0.5359	0.5409	0.5364	0.5358	0.5351	0.5387	0.5360	0.5466	0.5430	0.5361	2.073395	2.052445	2.094178	2.061137	2.106627	2.035775	2.060296	2.062717	2.072430	2.012885
312000	13.8759	1.3945	1.3845	1.3929	1.3957	1.3958	1.3874	1.3959	1.3636	1.3723	1.3933	0.5358	0.5409	0.5364	0.5358	0.5351	0.5387	0.5360	0.5465	0.5428	0.5361	2.073383	2.052247	2.094053	2.061291	2.106118	2.035669	2.060075	2.062678	2.072570	2.012946
313000	13.8752	1.3945	1.3846	1.3931	1.3957	1.3960	1.3860	1.3959	1.3637	1.3724	1.3934	0.5358	0.5409	0.5364	0.5357	0.5351	0.5394	0.5361	0.5465	0.5428	0.5361	2.073109	2.051515	2.093698	2.060873	2.105251	2.035029	2.059224	2.062241	2.072167	2.012523
314000	13.8729	1.3946	1.3845	1.3934	1.3956	1.3952	1.3845	1.3956	1.3638	1.3724	1.3934	0.5358	0.5409	0.5363	0.5357	0.5354	0.5400	0.5362	0.5464	0.5428	0.5361	2.072714	2.050753	2.093480	2.060422	2.104235	2.034506	2.058312	2.061582	2.071385	2.011786
315000	13.8692	1.3947	1.3846	1.3933	1.3952	1.3933	1.3829	1.3953	1.3640	1.3725	1.3934	0.5357	0.5408	0.5363	0.5358	0.5360	0.5407	0.5362	0.5464	0.5427	0.5361	2.072362	2.050165	2.093300	2.059967	2.103031	2.033955	2.057506	2.061001	2.070562	2.010948
316000	13.8668	1.3946	1.3844	1.3933	1.3947	1.3930	1.3820	1.3949	1.3642	1.3727	1.3930	0.5358	0.5409	0.5364	0.5360	0.5361	0.5411	0.5364	0.5463	0.5426	0.5363	2.072112	2.049576	2.093342	2.059372	2.101763	2.033583	2.056835	2.060688	2.070020	2.010101
317000	13.8655	1.3948	1.3844	1.3933	1.3946	1.3930	1.3816	1.3938	1.3643	1.3728	1.3928	0.5357	0.5409	0.5364	0.5361	0.5361	0.5413	0.5369	0.5463	0.5426	0.5364	2.071921	2.049094	2.093350	2.058758	2.100513	2.033091	2.056119	2.060540	2.069542	2.009187
318000	13.8629	1.3949	1.3844	1.3934	1.3944	1.3930	1.3810	1.3922	1.3643	1.3729	1.3924	0.5356	0.5409	0.5363	0.5362	0.5361	0.5417	0.5375	0.5463	0.5425	0.5365	2.071827	2.048787	2.093360	2.058036	2.099292	2.032440	2.055528	2.060551	2.068950	2.008123
319000	13.8605	1.3950	1.3843	1.3935	1.3943	1.3928	1.3806	1.3906	1.3645	1.3728	1.3920	0.5356	0.5409	0.5363	0.5362	0.5362	0.5419	0.5381	0.5463	0.5425	0.5367	2.071722	2.048710	2.093280	2.057256	2.098110	2.031706	2.055130	2.060686	2.068338	2.007020
320000	13.8555	1.3948	1.3838	1.3935	1.3938	1.3923	1.3799	1.3889	1.3640	1.3729	1.3915	0.5357	0.5411	0.5363	0.5364	0.5364	0.5422	0.5387	0.5466	0.5426	0.5368	2.071844	2.049030	2.093260	2.056481	2.097282	2.031018	2.054898	2.060973	2.067727	2.005934
321000	13.8562	1.3949	1.3839	1.3935	1.3940	1.3923	1.3800	1.3888	1.3642	1.3731	1.3915	0.5357	0.5410	0.5363	0.5363	0.5364	0.5422	0.5388	0.5465	0.5425	0.5369	2.075341	2.053090	2.096483	2.059849	2.101018	2.034927	2.058810	2.064806	2.071174	2.009302
322000	13.8566	1.3949	1.3839	1.3935	1.3941	1.3924	1.3799	1.3889	1.3642	1.3732	1.3916	0.5357	0.5410	0.5363	0.5363	0.5363	0.5422	0.5387	0.5465	0.5425	0.5368	2.076161	2.054383	2.097238	2.060179	2.101475	2.035719	2.059808	2.065929	2.071661	2.009392
323000	13.8556	1.3949	1.3840	1.3936	1.3941	1.3924	1.3790	1.3888	1.3644	1.3733	1.3912	0.5357	0.5410	0.5363	0.5363	0.5363	0.5427	0.5387	0.5464	0.5425	0.5370	2.076646	2.055387	2.097423	2.059966	2.101458	2.036006	2.060219	2.066856	2.071682	2.009234
324000	13.8543	1.3948	1.3840	1.3937	1.3942	1.3924	1.3780	1.3887	1.3645	1.3733	1.3907	0.5357	0.5409	0.5363	0.5363	0.5364	0.5432	0.5388	0.5464	0.5425	0.5372	2.077248	2.056471	2.097801	2.059632	2.101496	2.036174	2.060075	2.067910	2.071723	2.009073
325000	13.8479	1.3949	1.3842	1.3939	1.3941	1.3913	1.3757	1.3872	1.3644	1.3732	1.3891	0.5356	0.5409	0.5363	0.5363	0.5368	0.5442	0.5394	0.5464	0.5426	0.5378	2.078164	2.057849	2.098384	2.059249	2.101672	2.036260	2.059734	2.069445	2.071711	2.008885
326000	13.8433	1.3949	1.3843	1.3938	1.3940	1.3909	1.3737	1.3862	1.3640	1.3732	1.3882	0.5356	0.5409	0.5363	0.5364	0.5369	0.5451	0.5398	0.5465	0.5425	0.5381	2.079227	2.059385	2.099294	2.058889	2.102325	2.036211	2.059120	2.071213	2.072009	2.008686
327000	13.8419	1.3949	1.3844	1.3938	1.3940	1.3909	1.3728	1.3860	1.3639	1.3732	1.3882	0.5356	0.5408	0.5363	0.5364	0.5369	0.5455	0.5399	0.5466	0.5425	0.5381	2.080774	2.061220	2.100351	2.058482	2.103560	2.036031	2.058432	2.072962	2.072625	2.008701
328000	13.8388	1.3945	1.3845	1.3933	1.3941	1.3908	1.3707	1.3856	1.3640	1.3734	1.3881	0.5358	0.5408	0.5366	0.5364	0.5369	0.5464	0.5400	0.5465	0.5424	0.5382	2.082662	2.063292	2.101528	2.058098	2.105364	2.035667	2.057535	2.074641	2.073412	2.008935
329000	13.8357	1.3936	1.3845	1.3928	1.3940	1.3909	1.3690	1.3854	1.3638	1.3736	1.3880	0.5361	0.5408	0.5368	0.5365	0.5369	0.5472	0.5401	0.5466	0.5423	0.5382	2.084990	2.065563	2.102768	2.057649	2.107545	2.035226	2.056606	2.076379	2.074535	2.009455
330000	13.8348	1.3936	1.3845	1.3926	1.3941	1.3908	1.3692	1.3850	1.3634	1.3737	1.3879	0.5362	0.5408	0.5369	0.5365	0.5369	0.5471	0.5402	0.5468	0.5423	0.5382	2.087557	2.067928	2.104031	2.057191	2.109742	2.034705	2.055891	2.077769	2.075600	2.010111
331000	13.8352	1.3937	1.3847	1.3926	1.3940	1.3909	1.3693	1.3849	1.3635	1.3739	1.3878	0.5362	0.5407	0.5369	0.5365	0.5369	0.5470	0.5402	0.5468	0.5423	0.5382	2.091302	2.072251	2.107211	2.060233	2.114053	2.037774	2.059169	2.081641	2.079444	2.013809
332000	13.8359	1.3936	1.3848	1.3927	1.3940	1.3910	1.3693	1.3850	1.3636	1.3739	1.3880	0.5362	0.5407	0.5368	0.5365	0.5370	0.5471	0.5402	0.5467	0.5423	0.5382	2.093318	2.074621	2.108536	2.060505	2.116371	2.038644	2.059743	2.083092	2.080879	2.015212
333000	13.8368	1.3937	1.3849	1.3930	1.3942	1.3910	1.3693	1.3851	1.3638	1.3739	1.3879	0.5362	0.5406	0.5368	0.5364	0.5369	0.5471	0.5402	0.5467	0.5423	0.5382	2.094674	2.076303	2.109399	2.060244	2.118143	2.038848	2.059889	2.083923	2.081813	2.016004
334000	13.8377	1.3937	1.3850	1.3930	1.3943	1.3912	1.3695	1.3850	1.3639	1.3742	1.3879	0.5362	0.5406	0.5367	0.5364	0.5368	0.5470	0.5402	0.5466	0.5422	0.5383	2.095642	2.077443	2.110026	2.059700	2.119396	2.038881	2.059721	2.084158	2.082328	2.016424
335000	13.8388	1.3938	1.3850	1.3931	1.3944	1.3914	1.3695	1.3852	1.3641	1.3744	1.3878	0.5362	0.5406	0.5367	0.5364	0.5368	0.5470	0.5402	0.5465	0.5422	0.5383	2.096372	2.078206	2.110357	2.059029	2.120283	2.038793	2.059461	2.083994	2.082663	2.016706
336000	13.8396	1.3938	1.3852	1.3933	1.3944	1.3915	1.3696	1.3852	1.3642	1.3744	1.3880	0.5361	0.5405	0.5366	0.5364	0.5367	0.5470	0.5401	0.5464	0.5422	0.5382	2.096737	2.078534	2.110310	2.058194	2.120727	2.038545	2.059003	2.083546	2.082552	2.016821
337000	13.8402	1.3938	1.3854	1.3933	1.3944	1.3916	1.3696	1.3850	1.3644	1.3745	1.3881	0.5361	0.5405	0.5366	0.5363	0.5367	0.5469	0.5402	0.5464	0.5422	0.5382	2.096845	2.078430	2.110034	2.057234	2.120658	2.038087	2.058334	2.082791	2.082099	2.016721
338000	13.8405	1.3938	1.3854	1.3934	1.3945	1.3918	1.3697	1.3849	1.3645	1.3745	1.3881	0.5361	0.5405	0.5366	0.5364	0.5366	0.5469	0.5402	0.5464	0.5422	0.5381	2.096662	2.077999	2.109676	2.056348	2.120190	2.037555	2.057459	2.082064	2.081620	2.016488
339000	13.8402	1.3936	1.3854	1.3934	1.3944	1.3919	1.3697	1.3850	1.3647	1.3739	1.3882	0.5363	0.5404	0.5366	0.5364	0.5366	0.5469	0.5402	0.5463	0.5425	0.5381	2.096499	2.077307	2.109227	2.055573	2.119558	2.036959	2.056533	2.081920	2.081159	2.016126
340000	13.8383	1.3937	1.3853	1.3934	1.3942	1.3919	1.3689	1.3846	1.3647	1.3734	1.3882	0.5362	0.5405	0.5366	0.5365	0.5366	0.5473	0.5403	0.5463	0.5427	0.5381	2.096204	2.076558	2.108841	2.054846	2.118928	2.036485	2.055477	2.081794	2.080759	2.015781
341000	13.8389	1.3937	1.3853	1.3935	1.3943	1.3919	1.3687	1.3848	1.3649	1.3734	1.3883	0.5361	0.5405	0.5365	0.5364	0.5366	0.5473	0.5403	0.5462	0.5427	0.5382	2.100174	2.080469	2.112719	2.058547	2.122669	2.040632	2.059302	2.085601	2.084520	2.019906
342000	13.8397	1.3937	1.3853	1.3936	1.3945	1.3920	1.3688	1.3848	1.3649	1.3736	1.3884	0.5361	0.5405	0.5365	0.5364	0.5366	0.5473	0.5403	0.5462	0.5427	0.5381	2.100665	2.080514	2.113150	2.058726	2.122777	2.041062	2.059450	2.086470	2.085343	2.020091
343000	13.8401	1.3937	1.3854	1.3936	1.3946	1.3920	1.3689	1.3849	1.3650	1.3736	1.3883	0.5361	0.5404	0.5365	0.5363	0.5366	0.5473	0.5403	0.5462	0.5427	0.5381	2.100685	2.080078	2.113020	2.058466	2.122482	2.040878	2.059074	2.087139	2.085765	2.019807
344000	13.8409	1.3938	1.3856	1.3935	1.3946	1.3921	1.3689	1.3849	1.3651	1.3738	1.3884	0.5361	0.5404	0.5365	0.5363	0.5366	0.5473	0.5403	0.5461	0.5426	0.5381	2.100404	2.079372	2.112583	2.058169	2.121999	2.040286	2.058417	2.087724	2.085799	2.019184
345000	13.8417	1.3938	1.3858	1.3935	1.3947	1.3922	1.3692	1.3850	1.3652	1.3741	1.3884	0.5361	0.5403	0.5365	0.5363	0.5365	0.5472	0.5402	0.5461	0.5426	0.5380	2.099872	2.078439	2.111916	2.057631	2.121269	2.039434	2.057525	2.088124	2.085618	2.018390
346000	13.8422	1.3937	1.3859	1.3935	1.3947	1.3922	1.3692	1.3850	1.3653	1.3741	1.3886	0.5361	0.5402	0.5366	0.5363	0.5366	0.5472	0.5402	0.5461	0.5426	0.5380	2.099001	2.077239	2.111003	2.056804	2.120345	2.038369	2.056393	2.088175	2.085248	2.017475
347000	13.8385	1.3934	1.3852	1.3922	1.3942	1.3922	1.3686	1.3850	1.3653	1.3738	1.3885	0.5362	0.5405	0.5370	0.5365	0.5365	0.5475	0.5402	0.5461	0.5428	0.5380	2.098175	2.076247	2.110098	2.055987	2.119440	2.037260	2.055280	2.088220	2.084884	2.016595
348000	13.8303	1.3931	1.3841	1.3893	1.3933	1.3923	1.3668	1.3848	1.3646	1.3735	1.3885	0.5363	0.5409	0.5380	0.5370	0.5365	0.5483	0.5403	0.5464	0.5429	0.5380	2.097425	2.075344	2.109497	2.055205	2.118626	2.036275	2.054322	2.088147	2.084595	2.015900
349000	13.8242	1.3931	1.3834	1.3874	1.3931	1.3924	1.3650	1.3837	1.3643	1.3733	1.3886	0.5363	0.5412	0.5386	0.5370	0.5365	0.5490	0.5407	0.5465	0.5431	0.5380	2.096617	2.074929	2.109044	2.054687	2.118039	2.035423	2.053470	2.087852	2.084543	2.015254
350000	13.8246	1.3931	1.3835	1.3875	1.3931	1.3925	1.3649	1.3836	1.3645	1.3733	1.3886	0.5362	0.5411	0.5386	0.5370	0.5364	0.5491	0.5407	0.5465	0.5431	0.5380	2.095743	2.074516	2.108701	2.054572	2.117710	2.034666	2.052519	2.088044	2.084666	2.014637
351000	13.8256	1.3932	1.3835	1.3876	1.3931	1.3924	1.3650	1.3838	1.3646	1.3735	1.3888	0.5362	0.5411	0.5385	0.5370	0.5364	0.5489	0.5407	0.5464	0.5430	0.5380	2.098908	2.078071	2.112149	2.058118	2.120791	2.038167	2.055837	2.092091	2.088226	2.017517
