Iteration	Avg_Reward	Packet_Loss_Ratio	Avg_Loss
1000	0.5730	0.8398	1.149861
2000	0.5885	0.8366	1.126851
3000	0.6260	0.8218	1.107366
4000	0.6665	0.8092	1.097600
5000	0.7064	0.7929	1.090833
6000	0.7390	0.7794	1.086756
7000	0.7679	0.7690	1.082745
8000	0.7869	0.7615	1.079928
9000	0.8072	0.7546	1.077442
10000	0.8295	0.7451	1.074919
11000	0.8587	0.7345	1.081183
12000	0.8805	0.7267	1.084421
13000	0.9062	0.7173	1.087095
14000	0.9291	0.7097	1.089588
15000	0.9486	0.7029	1.091448
16000	0.9651	0.6971	1.092655
17000	0.9806	0.6917	1.093167
18000	0.9932	0.6872	1.093184
19000	1.0025	0.6833	1.092752
20000	1.0153	0.6781	1.091578
21000	1.0271	0.6737	1.093239
22000	1.0376	0.6695	1.094587
23000	1.0498	0.6651	1.094914
24000	1.0612	0.6605	1.095004
25000	1.0696	0.6573	1.095260
26000	1.0816	0.6530	1.095149
27000	1.0925	0.6496	1.095377
28000	1.1040	0.6455	1.095356
29000	1.1104	0.6428	1.095371
30000	1.1176	0.6404	1.095315
31000	1.1257	0.6371	1.095182
32000	1.1325	0.6347	1.095182
33000	1.1404	0.6321	1.095098
34000	1.1465	0.6299	1.094847
35000	1.1532	0.6275	1.094545
36000	1.1592	0.6251	1.094058
37000	1.1661	0.6229	1.093220
38000	1.1717	0.6210	1.092387
39000	1.1772	0.6188	1.091651
40000	1.1817	0.6172	1.091070
41000	1.1868	0.6155	1.091531
42000	1.1922	0.6133	1.091937
43000	1.1966	0.6119	1.092388
44000	1.2011	0.6104	1.092616
45000	1.2059	0.6083	1.092694
46000	1.2105	0.6066	1.093133
47000	1.2141	0.6051	1.093191
48000	1.2167	0.6040	1.093100
49000	1.2200	0.6027	1.093098
50000	1.2228	0.6017	1.093053
51000	1.2260	0.6004	1.093185
52000	1.2288	0.5995	1.093224
53000	1.2330	0.5981	1.093233
54000	1.2344	0.5974	1.093240
55000	1.2368	0.5963	1.093184
56000	1.2396	0.5954	1.092966
57000	1.2427	0.5943	1.093075
58000	1.2447	0.5934	1.093016
59000	1.2471	0.5925	1.093094
60000	1.2492	0.5918	1.093385
61000	1.2510	0.5912	1.093469
62000	1.2530	0.5904	1.093427
63000	1.2545	0.5898	1.093256
64000	1.2563	0.5891	1.093023
65000	1.2585	0.5883	1.092916
66000	1.2611	0.5873	1.092530
67000	1.2632	0.5865	1.092200
68000	1.2654	0.5857	1.092074
69000	1.2669	0.5851	1.091736
70000	1.2692	0.5842	1.091456
71000	1.2715	0.5834	1.091024
72000	1.2729	0.5829	1.090605
73000	1.2741	0.5825	1.090151
74000	1.2756	0.5819	1.089771
75000	1.2771	0.5812	1.089490
76000	1.2791	0.5805	1.089062
77000	1.2808	0.5798	1.088489
78000	1.2821	0.5793	1.087852
79000	1.2833	0.5788	1.087276
80000	1.2855	0.5780	1.086548
81000	1.2874	0.5773	1.085950
82000	1.2891	0.5766	1.085521
83000	1.2907	0.5759	1.085123
84000	1.2918	0.5754	1.084631
85000	1.2932	0.5750	1.084301
86000	1.2943	0.5746	1.083944
87000	1.2952	0.5742	1.083574
88000	1.2968	0.5737	1.083150
89000	1.2981	0.5732	1.082871
90000	1.2995	0.5726	1.082593
91000	1.3009	0.5721	1.082279
92000	1.3026	0.5715	1.082198
93000	1.3038	0.5712	1.082012
94000	1.3049	0.5707	1.081856
95000	1.3060	0.5701	1.081675
96000	1.3070	0.5699	1.081374
97000	1.3085	0.5693	1.081299
98000	1.3088	0.5691	1.081110
99000	1.3096	0.5689	1.080843
100000	1.3111	0.5683	1.080692
101000	1.3120	0.5679	1.080303
102000	1.3130	0.5675	1.079903
103000	1.3137	0.5672	1.079492
104000	1.3144	0.5668	1.078997
105000	1.3154	0.5664	1.078597
106000	1.3164	0.5660	1.078108
107000	1.3172	0.5657	1.077566
108000	1.3180	0.5653	1.077033
109000	1.3190	0.5649	1.076556
110000	1.3197	0.5647	1.075976
111000	1.3204	0.5645	1.075939
112000	1.3213	0.5642	1.075914
113000	1.3223	0.5639	1.075903
114000	1.3231	0.5635	1.075988
115000	1.3238	0.5632	1.075979
116000	1.3250	0.5628	1.075984
117000	1.3259	0.5625	1.076008
118000	1.3267	0.5623	1.076136
119000	1.3275	0.5620	1.076322
120000	1.3283	0.5618	1.076478
121000	1.3288	0.5616	1.076670
122000	1.3296	0.5612	1.076783
123000	1.3299	0.5610	1.076838
124000	1.3307	0.5606	1.076942
125000	1.3314	0.5604	1.077059
126000	1.3323	0.5601	1.077143
127000	1.3327	0.5598	1.077225
128000	1.3334	0.5596	1.077210
129000	1.3339	0.5594	1.077162
130000	1.3345	0.5592	1.077117
131000	1.3355	0.5589	1.077065
132000	1.3359	0.5585	1.077061
133000	1.3366	0.5583	1.077105
134000	1.3374	0.5579	1.077109
135000	1.3379	0.5578	1.077130
136000	1.3388	0.5575	1.077163
137000	1.3394	0.5572	1.077170
138000	1.3397	0.5571	1.077223
139000	1.3404	0.5568	1.077212
140000	1.3407	0.5567	1.077247
141000	1.3412	0.5565	1.077440
142000	1.3414	0.5565	1.077766
143000	1.3420	0.5562	1.078048
144000	1.3426	0.5560	1.078239
145000	1.3429	0.5559	1.078398
146000	1.3434	0.5556	1.078555
147000	1.3439	0.5554	1.078716
148000	1.3446	0.5551	1.078876
149000	1.3450	0.5549	1.079091
150000	1.3455	0.5548	1.079291
151000	1.3458	0.5546	1.079567
152000	1.3463	0.5544	1.079820
153000	1.3469	0.5542	1.080111
154000	1.3474	0.5540	1.080445
155000	1.3477	0.5538	1.080753
156000	1.3481	0.5537	1.081039
157000	1.3486	0.5535	1.081344
158000	1.3488	0.5534	1.081649
159000	1.3491	0.5532	1.081943
160000	1.3495	0.5531	1.082298
161000	1.3498	0.5530	1.082139
162000	1.3503	0.5529	1.081989
163000	1.3507	0.5528	1.081853
164000	1.3509	0.5527	1.081723
165000	1.3514	0.5524	1.081618
166000	1.3517	0.5524	1.081460
167000	1.3519	0.5523	1.081347
168000	1.3522	0.5523	1.081290
169000	1.3524	0.5522	1.081207
170000	1.3525	0.5521	1.081138
171000	1.3529	0.5520	1.081030
172000	1.3529	0.5520	1.080934
173000	1.3531	0.5519	1.080839
174000	1.3535	0.5517	1.080741
175000	1.3541	0.5516	1.080666
176000	1.3545	0.5514	1.080535
177000	1.3547	0.5513	1.080438
178000	1.3553	0.5512	1.080380
179000	1.3557	0.5510	1.080331
180000	1.3560	0.5508	1.080218
181000	1.3566	0.5506	1.080466
182000	1.3569	0.5505	1.080761
183000	1.3571	0.5505	1.080977
184000	1.3575	0.5502	1.081185
185000	1.3579	0.5501	1.081369
186000	1.3579	0.5500	1.081576
187000	1.3583	0.5498	1.081673
188000	1.3587	0.5497	1.081780
189000	1.3589	0.5496	1.081858
190000	1.3591	0.5495	1.081916
191000	1.3596	0.5493	1.081632
192000	1.3599	0.5492	1.081312
193000	1.3598	0.5492	1.081020
194000	1.3602	0.5491	1.080691
195000	1.3606	0.5490	1.080407
196000	1.3608	0.5488	1.080149
197000	1.3611	0.5488	1.079958
198000	1.3613	0.5488	1.079784
199000	1.3617	0.5486	1.079575
200000	1.3619	0.5486	1.079429
201000	1.3624	0.5484	1.079251
202000	1.3628	0.5483	1.079096
203000	1.3632	0.5482	1.079023
204000	1.3634	0.5481	1.078927
205000	1.3636	0.5480	1.078760
206000	1.3638	0.5478	1.078609
207000	1.3637	0.5479	1.078490
208000	1.3642	0.5477	1.078346
209000	1.3645	0.5477	1.078273
210000	1.3646	0.5476	1.078209
211000	1.3650	0.5475	1.078075
212000	1.3654	0.5473	1.077933
213000	1.3657	0.5472	1.077807
214000	1.3657	0.5471	1.077692
215000	1.3660	0.5470	1.077556
216000	1.3664	0.5468	1.077435
217000	1.3665	0.5469	1.077297
218000	1.3666	0.5469	1.077140
219000	1.3668	0.5467	1.076967
220000	1.3669	0.5466	1.076706
221000	1.3668	0.5466	1.076603
222000	1.3667	0.5466	1.076494
223000	1.3669	0.5465	1.076398
224000	1.3671	0.5465	1.076319
225000	1.3675	0.5463	1.076201
226000	1.3676	0.5463	1.076022
227000	1.3677	0.5462	1.075847
228000	1.3679	0.5461	1.075651
229000	1.3681	0.5460	1.075508
230000	1.3682	0.5460	1.075384
231000	1.3686	0.5459	1.075093
232000	1.3687	0.5459	1.074781
233000	1.3690	0.5458	1.074498
234000	1.3691	0.5457	1.074223
235000	1.3693	0.5457	1.073965
236000	1.3694	0.5456	1.073665
237000	1.3699	0.5454	1.073352
238000	1.3701	0.5453	1.073086
239000	1.3702	0.5453	1.072795
240000	1.3703	0.5451	1.072519
241000	1.3704	0.5451	1.072211
242000	1.3705	0.5451	1.071937
243000	1.3706	0.5450	1.071623
244000	1.3710	0.5449	1.071341
245000	1.3712	0.5448	1.071009
246000	1.3715	0.5447	1.070698
247000	1.3716	0.5446	1.070403
248000	1.3717	0.5446	1.070112
249000	1.3718	0.5445	1.069873
250000	1.3720	0.5444	1.069622
251000	1.3722	0.5444	1.069543
252000	1.3722	0.5444	1.069445
253000	1.3724	0.5444	1.069387
254000	1.3726	0.5444	1.069309
255000	1.3727	0.5443	1.069279
256000	1.3728	0.5443	1.069237
257000	1.3731	0.5441	1.069172
258000	1.3732	0.5441	1.069066
259000	1.3732	0.5440	1.068987
260000	1.3735	0.5440	1.068852
261000	1.3735	0.5440	1.068711
262000	1.3736	0.5440	1.068559
263000	1.3737	0.5439	1.068400
264000	1.3738	0.5439	1.068217
265000	1.3740	0.5438	1.068042
266000	1.3741	0.5438	1.067912
267000	1.3743	0.5438	1.067747
268000	1.3743	0.5437	1.067574
269000	1.3744	0.5437	1.067451
270000	1.3745	0.5436	1.067317
271000	1.3746	0.5436	1.066910
272000	1.3748	0.5435	1.066507
273000	1.3749	0.5434	1.066130
274000	1.3751	0.5434	1.065778
275000	1.3753	0.5434	1.065389
276000	1.3755	0.5433	1.064993
277000	1.3756	0.5431	1.064573
278000	1.3759	0.5430	1.064184
279000	1.3762	0.5430	1.063834
280000	1.3763	0.5429	1.063443
281000	1.3763	0.5429	1.063000
282000	1.3765	0.5428	1.062589
283000	1.3766	0.5427	1.062122
284000	1.3766	0.5427	1.061701
285000	1.3768	0.5426	1.061257
286000	1.3768	0.5426	1.060803
287000	1.3769	0.5425	1.060332
288000	1.3771	0.5425	1.059901
289000	1.3772	0.5425	1.059416
290000	1.3773	0.5425	1.058950
291000	1.3775	0.5424	1.058396
292000	1.3775	0.5424	1.057780
293000	1.3775	0.5424	1.057216
294000	1.3775	0.5424	1.056642
295000	1.3777	0.5423	1.056073
296000	1.3777	0.5423	1.055508
297000	1.3780	0.5422	1.054951
298000	1.3782	0.5421	1.054476
299000	1.3784	0.5421	1.053926
300000	1.3786	0.5421	1.053396
301000	1.3786	0.5421	1.052970
302000	1.3786	0.5420	1.052548
303000	1.3786	0.5420	1.052135
304000	1.3786	0.5420	1.051692
305000	1.3787	0.5419	1.051261
306000	1.3788	0.5419	1.050828
307000	1.3786	0.5420	1.050393
308000	1.3787	0.5420	1.049954
309000	1.3786	0.5420	1.049552
310000	1.3784	0.5421	1.049157
311000	1.3785	0.5421	1.048933
312000	1.3786	0.5420	1.048706
313000	1.3786	0.5421	1.048458
314000	1.3789	0.5419	1.048224
315000	1.3789	0.5420	1.047947
316000	1.3790	0.5419	1.047703
317000	1.3793	0.5418	1.047473
318000	1.3794	0.5418	1.047249
319000	1.3797	0.5417	1.047043
320000	1.3798	0.5416	1.046768
321000	1.3799	0.5416	1.046605
322000	1.3800	0.5416	1.046478
323000	1.3801	0.5416	1.046323
324000	1.3804	0.5415	1.046225
325000	1.3805	0.5415	1.046121
326000	1.3805	0.5415	1.045972
327000	1.3805	0.5415	1.045794
328000	1.3806	0.5414	1.045633
329000	1.3807	0.5414	1.045479
330000	1.3808	0.5414	1.045336
331000	1.3810	0.5413	1.045157
332000	1.3811	0.5413	1.045025
333000	1.3812	0.5412	1.044844
334000	1.3815	0.5412	1.044694
335000	1.3816	0.5411	1.044515
336000	1.3817	0.5411	1.044365
337000	1.3819	0.5410	1.044202
338000	1.3820	0.5409	1.044075
339000	1.3820	0.5409	1.043923
340000	1.3822	0.5408	1.043778
341000	1.3823	0.5408	1.043638
342000	1.3824	0.5407	1.043465
343000	1.3824	0.5407	1.043280
344000	1.3824	0.5407	1.043099
345000	1.3825	0.5407	1.042883
346000	1.3825	0.5407	1.042676
347000	1.3825	0.5407	1.042462
348000	1.3825	0.5406	1.042273
349000	1.3827	0.5406	1.042073
350000	1.3828	0.5405	1.041914
351000	1.3828	0.5405	1.041772
352000	1.3829	0.5405	1.041620
353000	1.3828	0.5405	1.041475
354000	1.3829	0.5404	1.041331
355000	1.3830	0.5404	1.041207
356000	1.3831	0.5404	1.041036
357000	1.3832	0.5404	1.040867
358000	1.3833	0.5403	1.040697
359000	1.3833	0.5403	1.040533
360000	1.3835	0.5403	1.040412
361000	1.3835	0.5403	1.040385
362000	1.3836	0.5403	1.040328
363000	1.3837	0.5403	1.040334
364000	1.3838	0.5402	1.040345
365000	1.3839	0.5402	1.040378
366000	1.3840	0.5402	1.040448
367000	1.3840	0.5401	1.040509
368000	1.3840	0.5401	1.040528
369000	1.3840	0.5401	1.040563
370000	1.3842	0.5401	1.040582
371000	1.3843	0.5400	1.040602
372000	1.3843	0.5401	1.040653
373000	1.3843	0.5400	1.040684
374000	1.3844	0.5400	1.040688
375000	1.3845	0.5399	1.040684
376000	1.3846	0.5399	1.040690
377000	1.3846	0.5399	1.040677
378000	1.3847	0.5399	1.040695
379000	1.3848	0.5399	1.040697
380000	1.3849	0.5399	1.040702
381000	1.3851	0.5398	1.040805
382000	1.3853	0.5398	1.040920
383000	1.3855	0.5397	1.041030
384000	1.3856	0.5397	1.041158
385000	1.3856	0.5397	1.041278
386000	1.3856	0.5397	1.041415
387000	1.3858	0.5396	1.041546
388000	1.3858	0.5396	1.041670
389000	1.3858	0.5396	1.041792
390000	1.3859	0.5396	1.041929
391000	1.3859	0.5396	1.042078
392000	1.3861	0.5396	1.042237
393000	1.3862	0.5396	1.042376
394000	1.3862	0.5395	1.042515
395000	1.3864	0.5395	1.042632
396000	1.3864	0.5395	1.042734
397000	1.3864	0.5395	1.042813
398000	1.3864	0.5395	1.042904
399000	1.3866	0.5394	1.042995
400000	1.3866	0.5394	1.043074
401000	1.3868	0.5394	1.043168
402000	1.3869	0.5393	1.043290
403000	1.3871	0.5393	1.043410
404000	1.3871	0.5393	1.043519
405000	1.3873	0.5392	1.043636
406000	1.3873	0.5392	1.043774
407000	1.3874	0.5391	1.043917
408000	1.3874	0.5391	1.044056
409000	1.3875	0.5390	1.044186
410000	1.3877	0.5390	1.044320
411000	1.3878	0.5389	1.044549
412000	1.3878	0.5389	1.044760
413000	1.3878	0.5389	1.044970
414000	1.3880	0.5389	1.045178
415000	1.3881	0.5388	1.045383
416000	1.3881	0.5388	1.045599
417000	1.3881	0.5388	1.045828
418000	1.3882	0.5388	1.046077
419000	1.3883	0.5388	1.046326
420000	1.3883	0.5388	1.046565
421000	1.3882	0.5388	1.046772
422000	1.3883	0.5388	1.046975
423000	1.3884	0.5387	1.047171
424000	1.3884	0.5387	1.047373
425000	1.3885	0.5387	1.047542
426000	1.3885	0.5387	1.047740
427000	1.3885	0.5387	1.047887
428000	1.3886	0.5387	1.048053
429000	1.3887	0.5386	1.048254
430000	1.3887	0.5387	1.048403
431000	1.3889	0.5386	1.048652
432000	1.3891	0.5385	1.048921
433000	1.3891	0.5385	1.049179
434000	1.3892	0.5385	1.049468
435000	1.3891	0.5385	1.049747
436000	1.3891	0.5385	1.050013
437000	1.3893	0.5385	1.050303
438000	1.3894	0.5385	1.050588
439000	1.3895	0.5384	1.050875
440000	1.3894	0.5384	1.051135
441000	1.3895	0.5384	1.051540
442000	1.3896	0.5384	1.051932
443000	1.3896	0.5383	1.052288
444000	1.3896	0.5383	1.052668
445000	1.3897	0.5383	1.052998
446000	1.3898	0.5382	1.053344
447000	1.3898	0.5382	1.053682
448000	1.3898	0.5382	1.054026
449000	1.3898	0.5382	1.054389
450000	1.3898	0.5382	1.054734
451000	1.3899	0.5381	1.055046
452000	1.3900	0.5381	1.055347
453000	1.3900	0.5381	1.055653
454000	1.3901	0.5380	1.055945
455000	1.3901	0.5380	1.056234
456000	1.3901	0.5380	1.056507
457000	1.3901	0.5380	1.056751
458000	1.3903	0.5380	1.057001
459000	1.3903	0.5380	1.057293
460000	1.3904	0.5380	1.057536
461000	1.3904	0.5380	1.057785
462000	1.3904	0.5380	1.058027
463000	1.3905	0.5380	1.058259
464000	1.3906	0.5379	1.058514
465000	1.3907	0.5379	1.058806
466000	1.3908	0.5379	1.059122
467000	1.3907	0.5379	1.059434
468000	1.3908	0.5378	1.059745
469000	1.3908	0.5378	1.060007
470000	1.3908	0.5378	1.060244
471000	1.3908	0.5378	1.060422
472000	1.3909	0.5378	1.060620
473000	1.3909	0.5378	1.060802
474000	1.3908	0.5378	1.061030
475000	1.3908	0.5378	1.061216
476000	1.3909	0.5378	1.061411
477000	1.3911	0.5377	1.061622
478000	1.3911	0.5377	1.061836
479000	1.3911	0.5377	1.062033
480000	1.3913	0.5377	1.062252
481000	1.3912	0.5377	1.062441
482000	1.3911	0.5377	1.062583
483000	1.3912	0.5377	1.062726
484000	1.3912	0.5376	1.062894
485000	1.3913	0.5376	1.063028
486000	1.3914	0.5376	1.063161
487000	1.3914	0.5376	1.063280
488000	1.3914	0.5376	1.063408
489000	1.3915	0.5376	1.063531
490000	1.3916	0.5376	1.063657
491000	1.3915	0.5376	1.063795
492000	1.3915	0.5376	1.063937
493000	1.3916	0.5375	1.064102
494000	1.3917	0.5375	1.064268
495000	1.3918	0.5375	1.064434
496000	1.3918	0.5375	1.064578
497000	1.3919	0.5375	1.064728
498000	1.3919	0.5375	1.064883
499000	1.3918	0.5375	1.065038
500000	1.3918	0.5375	1.065203
501000	1.3919	0.5374	1.065376
502000	1.3920	0.5374	1.065529
503000	1.3920	0.5374	1.065673
504000	1.3920	0.5374	1.065812
505000	1.3922	0.5373	1.065973
506000	1.3920	0.5373	1.066143
507000	1.3920	0.5373	1.066284
508000	1.3921	0.5373	1.066430
509000	1.3922	0.5373	1.066587
510000	1.3922	0.5373	1.066759
511000	1.3923	0.5372	1.066911
512000	1.3922	0.5372	1.067067
513000	1.3924	0.5372	1.067212
514000	1.3924	0.5371	1.067363
515000	1.3924	0.5371	1.067476
516000	1.3925	0.5371	1.067594
517000	1.3926	0.5371	1.067753
518000	1.3926	0.5371	1.067885
519000	1.3927	0.5370	1.068004
520000	1.3926	0.5371	1.068130
521000	1.3926	0.5371	1.068224
522000	1.3926	0.5371	1.068327
523000	1.3927	0.5371	1.068435
524000	1.3927	0.5371	1.068545
