Iteration	Avg_Total_Reward	Avg_Reward_User_0	Avg_Reward_User_1	Avg_Reward_User_2	Avg_Reward_User_3	Packet_Loss_Ratio_User_0	Packet_Loss_Ratio_User_1	Packet_Loss_Ratio_User_2	Packet_Loss_Ratio_User_3	Avg_Loss_User_0	Avg_Loss_User_1	Avg_Loss_User_2	Avg_Loss_User_3
1000	0.9010	0.2370	0.2000	0.2340	0.2300	0.9267	0.9491	0.9339	0.9382	0.398813	0.399418	0.398785	0.400064
2000	1.0590	0.2750	0.2455	0.2670	0.2715	0.9196	0.9363	0.9216	0.9218	0.395099	0.409974	0.405259	0.389469
3000	1.1630	0.3017	0.2780	0.2880	0.2953	0.9104	0.9283	0.9142	0.9151	0.393996	0.409257	0.413527	0.387040
4000	1.2632	0.3210	0.3000	0.3165	0.3257	0.9029	0.9208	0.9052	0.9041	0.393134	0.405868	0.414566	0.384673
5000	1.3164	0.3342	0.3168	0.3292	0.3362	0.8979	0.9149	0.9018	0.8998	0.391010	0.399943	0.408237	0.381400
6000	1.3783	0.3475	0.3355	0.3457	0.3497	0.8926	0.9069	0.8961	0.8955	0.387148	0.393419	0.401300	0.377118
7000	1.4300	0.3643	0.3444	0.3584	0.3629	0.8868	0.9029	0.8921	0.8905	0.383599	0.388333	0.395357	0.373209
8000	1.4579	0.3691	0.3558	0.3649	0.3681	0.8866	0.8980	0.8900	0.8882	0.380441	0.383790	0.390185	0.369416
9000	1.4822	0.3732	0.3659	0.3696	0.3736	0.8850	0.8938	0.8885	0.8865	0.376875	0.379142	0.384941	0.365478
10000	1.5036	0.3797	0.3722	0.3751	0.3766	0.8828	0.8911	0.8866	0.8849	0.373202	0.374585	0.379936	0.361819
11000	1.5255	0.3872	0.3761	0.3806	0.3816	0.8793	0.8883	0.8835	0.8826	0.384276	0.382116	0.385114	0.370432
12000	1.5522	0.3937	0.3831	0.3869	0.3886	0.8765	0.8846	0.8806	0.8793	0.382102	0.379452	0.382869	0.369251
13000	1.5732	0.3992	0.3887	0.3927	0.3925	0.8741	0.8816	0.8780	0.8776	0.379337	0.376468	0.380313	0.367420
14000	1.5908	0.4023	0.3924	0.3975	0.3986	0.8725	0.8802	0.8759	0.8748	0.376511	0.373491	0.377707	0.365564
15000	1.6107	0.4078	0.3986	0.4016	0.4027	0.8701	0.8777	0.8740	0.8727	0.373524	0.370305	0.374928	0.363552
16000	1.6200	0.4101	0.4009	0.4039	0.4052	0.8690	0.8766	0.8727	0.8716	0.370767	0.367396	0.372368	0.361474
17000	1.6306	0.4111	0.4023	0.4092	0.4081	0.8689	0.8759	0.8705	0.8703	0.367781	0.364412	0.369816	0.359303
18000	1.6397	0.4126	0.4043	0.4123	0.4106	0.8688	0.8753	0.8690	0.8693	0.365185	0.361804	0.367658	0.357349
19000	1.6458	0.4132	0.4051	0.4148	0.4127	0.8688	0.8753	0.8677	0.8682	0.362630	0.359217	0.365426	0.355327
20000	1.6540	0.4162	0.4063	0.4164	0.4151	0.8678	0.8754	0.8670	0.8672	0.360211	0.356850	0.363320	0.353412
21000	1.6610	0.4178	0.4084	0.4190	0.4159	0.8669	0.8747	0.8660	0.8668	0.365366	0.360095	0.367658	0.357616
22000	1.6671	0.4206	0.4087	0.4203	0.4175	0.8656	0.8751	0.8653	0.8662	0.368603	0.360255	0.370030	0.359466
23000	1.6707	0.4226	0.4090	0.4214	0.4177	0.8645	0.8755	0.8648	0.8662	0.371121	0.360047	0.371728	0.360710
24000	1.6764	0.4241	0.4097	0.4240	0.4186	0.8638	0.8755	0.8637	0.8658	0.373376	0.359694	0.373268	0.361772
25000	1.6789	0.4252	0.4099	0.4240	0.4197	0.8631	0.8757	0.8635	0.8654	0.375279	0.359288	0.374576	0.362692
26000	1.6822	0.4260	0.4110	0.4255	0.4196	0.8626	0.8758	0.8628	0.8655	0.376859	0.358733	0.375651	0.363365
27000	1.6853	0.4266	0.4114	0.4261	0.4211	0.8622	0.8761	0.8626	0.8652	0.378242	0.358063	0.376615	0.363961
28000	1.6870	0.4280	0.4114	0.4263	0.4213	0.8616	0.8763	0.8624	0.8652	0.379513	0.357442	0.377408	0.364478
29000	1.6920	0.4292	0.4120	0.4278	0.4230	0.8611	0.8760	0.8616	0.8645	0.380692	0.356879	0.378204	0.364957
30000	1.6940	0.4303	0.4122	0.4282	0.4232	0.8607	0.8764	0.8615	0.8643	0.381774	0.356342	0.378870	0.365322
31000	1.6990	0.4316	0.4134	0.4296	0.4244	0.8600	0.8758	0.8609	0.8637	0.383691	0.357698	0.381140	0.367557
32000	1.7012	0.4319	0.4133	0.4305	0.4255	0.8599	0.8757	0.8605	0.8639	0.384816	0.358061	0.382520	0.368226
33000	1.7031	0.4325	0.4134	0.4317	0.4256	0.8597	0.8759	0.8600	0.8644	0.385650	0.358285	0.383614	0.368658
34000	1.7041	0.4336	0.4135	0.4319	0.4252	0.8593	0.8759	0.8601	0.8652	0.386487	0.358476	0.384779	0.369138
35000	1.7042	0.4341	0.4135	0.4323	0.4244	0.8591	0.8760	0.8600	0.8664	0.387282	0.358701	0.385849	0.369602
36000	1.7045	0.4347	0.4132	0.4328	0.4237	0.8586	0.8764	0.8597	0.8672	0.387948	0.358837	0.386872	0.370078
37000	1.7062	0.4351	0.4135	0.4341	0.4234	0.8584	0.8766	0.8592	0.8677	0.388493	0.358888	0.387767	0.370450
38000	1.7077	0.4361	0.4129	0.4354	0.4233	0.8579	0.8770	0.8587	0.8682	0.388937	0.358904	0.388556	0.370808
39000	1.7092	0.4365	0.4126	0.4366	0.4235	0.8577	0.8773	0.8581	0.8686	0.389359	0.358906	0.389334	0.371130
40000	1.7098	0.4368	0.4122	0.4372	0.4237	0.8576	0.8777	0.8580	0.8692	0.389659	0.358901	0.390000	0.371391
41000	1.7125	0.4368	0.4130	0.4377	0.4250	0.8577	0.8773	0.8577	0.8688	0.391549	0.360858	0.391558	0.373097
42000	1.7142	0.4369	0.4137	0.4381	0.4255	0.8576	0.8773	0.8574	0.8687	0.392840	0.362247	0.392615	0.373962
43000	1.7159	0.4372	0.4142	0.4386	0.4259	0.8574	0.8771	0.8571	0.8687	0.393977	0.363469	0.393517	0.374667
44000	1.7177	0.4385	0.4145	0.4392	0.4254	0.8570	0.8771	0.8568	0.8694	0.395085	0.364680	0.394411	0.375348
45000	1.7189	0.4397	0.4148	0.4397	0.4247	0.8565	0.8771	0.8566	0.8700	0.396167	0.365816	0.395262	0.375952
46000	1.7203	0.4404	0.4154	0.4396	0.4248	0.8562	0.8768	0.8566	0.8703	0.397124	0.366845	0.396005	0.376512
47000	1.7197	0.4404	0.4160	0.4394	0.4239	0.8561	0.8769	0.8566	0.8710	0.398110	0.367882	0.396779	0.377142
48000	1.7197	0.4410	0.4160	0.4393	0.4235	0.8559	0.8771	0.8567	0.8715	0.398973	0.368831	0.397427	0.377668
49000	1.7209	0.4417	0.4157	0.4398	0.4237	0.8555	0.8773	0.8566	0.8715	0.399800	0.369739	0.398038	0.378162
50000	1.7220	0.4419	0.4156	0.4409	0.4237	0.8553	0.8773	0.8562	0.8717	0.400547	0.370599	0.398570	0.378650
51000	1.7235	0.4425	0.4157	0.4411	0.4241	0.8551	0.8773	0.8560	0.8716	0.402526	0.372518	0.400255	0.380075
52000	1.7252	0.4430	0.4167	0.4413	0.4243	0.8549	0.8770	0.8559	0.8716	0.404029	0.373804	0.401456	0.380882
53000	1.7247	0.4428	0.4167	0.4412	0.4240	0.8549	0.8770	0.8560	0.8719	0.405363	0.374931	0.402478	0.381539
54000	1.7249	0.4430	0.4167	0.4412	0.4239	0.8548	0.8772	0.8560	0.8721	0.406554	0.375936	0.403393	0.382086
55000	1.7256	0.4430	0.4173	0.4407	0.4245	0.8547	0.8770	0.8563	0.8718	0.407685	0.376905	0.404306	0.382567
56000	1.7252	0.4429	0.4176	0.4400	0.4247	0.8547	0.8769	0.8568	0.8718	0.408728	0.377757	0.405134	0.383016
57000	1.7259	0.4431	0.4181	0.4399	0.4248	0.8546	0.8767	0.8571	0.8716	0.409694	0.378575	0.405927	0.383402
58000	1.7274	0.4434	0.4185	0.4403	0.4252	0.8545	0.8765	0.8572	0.8715	0.410551	0.379286	0.406648	0.383709
59000	1.7279	0.4435	0.4185	0.4403	0.4255	0.8545	0.8765	0.8575	0.8713	0.411361	0.380002	0.407357	0.383994
60000	1.7283	0.4437	0.4187	0.4401	0.4257	0.8543	0.8763	0.8578	0.8713	0.412096	0.380627	0.408000	0.384229
61000	1.7293	0.4444	0.4184	0.4402	0.4263	0.8540	0.8766	0.8578	0.8710	0.413582	0.382393	0.409228	0.385233
62000	1.7295	0.4442	0.4189	0.4399	0.4265	0.8541	0.8764	0.8579	0.8711	0.414638	0.383668	0.410068	0.385638
63000	1.7288	0.4443	0.4187	0.4395	0.4263	0.8540	0.8767	0.8582	0.8714	0.415508	0.384770	0.410738	0.385868
64000	1.7284	0.4446	0.4185	0.4393	0.4261	0.8539	0.8769	0.8584	0.8716	0.416315	0.385797	0.411377	0.386062
65000	1.7296	0.4454	0.4188	0.4391	0.4262	0.8536	0.8768	0.8585	0.8715	0.417091	0.386739	0.412010	0.386249
66000	1.7306	0.4457	0.4195	0.4388	0.4266	0.8536	0.8766	0.8588	0.8715	0.417765	0.387600	0.412538	0.386340
67000	1.7312	0.4463	0.4197	0.4385	0.4268	0.8534	0.8768	0.8590	0.8715	0.418423	0.388439	0.413054	0.386408
68000	1.7320	0.4462	0.4200	0.4388	0.4269	0.8534	0.8767	0.8589	0.8715	0.419015	0.389194	0.413516	0.386455
69000	1.7321	0.4461	0.4198	0.4392	0.4269	0.8533	0.8769	0.8589	0.8717	0.419554	0.389924	0.413954	0.386472
70000	1.7323	0.4464	0.4197	0.4389	0.4272	0.8532	0.8769	0.8592	0.8717	0.420147	0.390605	0.414405	0.386507
71000	1.7322	0.4468	0.4192	0.4385	0.4277	0.8530	0.8773	0.8594	0.8714	0.421400	0.392141	0.415676	0.387636
72000	1.7327	0.4470	0.4197	0.4381	0.4280	0.8530	0.8771	0.8597	0.8712	0.422172	0.393192	0.416525	0.388276
73000	1.7323	0.4470	0.4195	0.4378	0.4280	0.8530	0.8773	0.8599	0.8712	0.422853	0.394125	0.417251	0.388816
74000	1.7324	0.4471	0.4196	0.4377	0.4280	0.8530	0.8773	0.8601	0.8712	0.423420	0.394956	0.417901	0.389268
75000	1.7324	0.4473	0.4195	0.4378	0.4279	0.8529	0.8775	0.8601	0.8712	0.423903	0.395693	0.418439	0.389645
76000	1.7329	0.4472	0.4198	0.4378	0.4281	0.8529	0.8773	0.8602	0.8710	0.424380	0.396441	0.418984	0.390043
77000	1.7331	0.4474	0.4197	0.4376	0.4283	0.8528	0.8774	0.8606	0.8709	0.424808	0.397096	0.419500	0.390373
78000	1.7326	0.4473	0.4191	0.4376	0.4285	0.8528	0.8777	0.8608	0.8708	0.425163	0.397705	0.419956	0.390669
79000	1.7330	0.4477	0.4190	0.4375	0.4288	0.8526	0.8778	0.8609	0.8706	0.425506	0.398264	0.420387	0.390930
80000	1.7339	0.4479	0.4191	0.4377	0.4292	0.8525	0.8777	0.8608	0.8705	0.425842	0.398829	0.420795	0.391184
81000	1.7347	0.4482	0.4194	0.4378	0.4292	0.8523	0.8776	0.8607	0.8703	0.426951	0.400122	0.422019	0.391997
82000	1.7355	0.4488	0.4195	0.4377	0.4295	0.8521	0.8776	0.8608	0.8702	0.427710	0.401067	0.422879	0.392408
83000	1.7365	0.4489	0.4198	0.4380	0.4298	0.8521	0.8776	0.8607	0.8700	0.428340	0.401912	0.423632	0.392715
84000	1.7373	0.4492	0.4200	0.4384	0.4297	0.8519	0.8777	0.8606	0.8700	0.428846	0.402618	0.424292	0.392958
85000	1.7370	0.4494	0.4199	0.4381	0.4296	0.8517	0.8778	0.8608	0.8700	0.429312	0.403309	0.424902	0.393155
86000	1.7371	0.4496	0.4198	0.4382	0.4295	0.8516	0.8779	0.8608	0.8700	0.429728	0.403932	0.425462	0.393345
87000	1.7374	0.4496	0.4196	0.4383	0.4299	0.8516	0.8781	0.8608	0.8698	0.430176	0.404622	0.426083	0.393562
88000	1.7375	0.4496	0.4194	0.4385	0.4300	0.8517	0.8783	0.8608	0.8696	0.430565	0.405248	0.426634	0.393706
89000	1.7373	0.4495	0.4192	0.4381	0.4304	0.8516	0.8785	0.8611	0.8695	0.430909	0.405838	0.427151	0.393863
90000	1.7368	0.4495	0.4187	0.4378	0.4308	0.8516	0.8788	0.8613	0.8692	0.431226	0.406361	0.427629	0.394003
91000	1.7370	0.4496	0.4187	0.4377	0.4310	0.8516	0.8789	0.8613	0.8691	0.432240	0.407564	0.428796	0.394683
92000	1.7376	0.4496	0.4189	0.4379	0.4312	0.8515	0.8788	0.8613	0.8689	0.432936	0.408447	0.429612	0.394967
93000	1.7375	0.4496	0.4185	0.4380	0.4314	0.8516	0.8791	0.8613	0.8688	0.433544	0.409230	0.430355	0.395174
94000	1.7377	0.4496	0.4186	0.4381	0.4314	0.8516	0.8791	0.8613	0.8688	0.434064	0.409943	0.431012	0.395312
95000	1.7382	0.4494	0.4186	0.4382	0.4321	0.8517	0.8792	0.8612	0.8685	0.434546	0.410630	0.431660	0.395414
96000	1.7389	0.4494	0.4185	0.4385	0.4326	0.8518	0.8794	0.8611	0.8682	0.435062	0.411311	0.432321	0.395575
97000	1.7390	0.4495	0.4186	0.4384	0.4326	0.8517	0.8794	0.8612	0.8682	0.435527	0.411949	0.432924	0.395674
98000	1.7390	0.4493	0.4186	0.4387	0.4325	0.8519	0.8795	0.8611	0.8682	0.435950	0.412515	0.433484	0.395713
99000	1.7389	0.4495	0.4186	0.4384	0.4325	0.8517	0.8796	0.8612	0.8681	0.436352	0.413041	0.433984	0.395747
100000	1.7386	0.4493	0.4184	0.4381	0.4328	0.8518	0.8798	0.8614	0.8680	0.436707	0.413546	0.434485	0.395788
101000	1.7382	0.4495	0.4182	0.4381	0.4325	0.8518	0.8799	0.8613	0.8681	0.437753	0.414669	0.435613	0.396554
102000	1.7375	0.4494	0.4179	0.4377	0.4325	0.8518	0.8801	0.8617	0.8681	0.438482	0.415454	0.436399	0.396935
103000	1.7377	0.4496	0.4179	0.4380	0.4323	0.8518	0.8802	0.8617	0.8682	0.439117	0.416118	0.437066	0.397207
104000	1.7383	0.4496	0.4182	0.4380	0.4325	0.8517	0.8802	0.8618	0.8680	0.439731	0.416788	0.437727	0.397468
105000	1.7381	0.4496	0.4179	0.4379	0.4326	0.8518	0.8804	0.8619	0.8679	0.440239	0.417380	0.438296	0.397642
106000	1.7382	0.4494	0.4179	0.4381	0.4328	0.8520	0.8804	0.8619	0.8678	0.440695	0.417909	0.438817	0.397797
107000	1.7386	0.4495	0.4178	0.4385	0.4328	0.8519	0.8805	0.8618	0.8677	0.441123	0.418394	0.439301	0.397903
108000	1.7381	0.4496	0.4175	0.4382	0.4329	0.8520	0.8807	0.8621	0.8678	0.441554	0.418873	0.439789	0.398031
109000	1.7380	0.4496	0.4174	0.4380	0.4329	0.8521	0.8808	0.8622	0.8677	0.441977	0.419348	0.440277	0.398140
110000	1.7375	0.4494	0.4174	0.4378	0.4329	0.8522	0.8808	0.8623	0.8676	0.442379	0.419791	0.440724	0.398217
111000	1.7380	0.4495	0.4174	0.4381	0.4330	0.8521	0.8809	0.8622	0.8676	0.443202	0.420880	0.441612	0.398859
112000	1.7377	0.4496	0.4173	0.4380	0.4328	0.8521	0.8810	0.8622	0.8677	0.443740	0.421628	0.442219	0.399129
113000	1.7383	0.4498	0.4174	0.4382	0.4330	0.8521	0.8810	0.8621	0.8676	0.444162	0.422270	0.442697	0.399296
114000	1.7386	0.4498	0.4173	0.4383	0.4331	0.8521	0.8810	0.8621	0.8676	0.444633	0.422944	0.443241	0.399512
115000	1.7381	0.4497	0.4172	0.4382	0.4329	0.8522	0.8811	0.8622	0.8676	0.445024	0.423519	0.443695	0.399649
116000	1.7382	0.4499	0.4169	0.4383	0.4331	0.8522	0.8813	0.8622	0.8676	0.445416	0.424101	0.444157	0.399767
117000	1.7384	0.4499	0.4172	0.4381	0.4331	0.8522	0.8812	0.8624	0.8676	0.445742	0.424603	0.444523	0.399819
118000	1.7383	0.4499	0.4171	0.4380	0.4333	0.8523	0.8813	0.8624	0.8675	0.446041	0.425097	0.444877	0.399851
119000	1.7388	0.4499	0.4172	0.4381	0.4336	0.8524	0.8812	0.8624	0.8673	0.446319	0.425592	0.445228	0.399880
120000	1.7384	0.4499	0.4169	0.4380	0.4337	0.8525	0.8815	0.8625	0.8673	0.446597	0.426072	0.445542	0.399923
121000	1.7379	0.4496	0.4167	0.4379	0.4337	0.8526	0.8816	0.8626	0.8673	0.447378	0.427221	0.446411	0.400528
122000	1.7374	0.4494	0.4165	0.4377	0.4336	0.8528	0.8817	0.8627	0.8674	0.447848	0.428051	0.446982	0.400791
123000	1.7375	0.4494	0.4165	0.4377	0.4339	0.8528	0.8817	0.8627	0.8672	0.448286	0.428842	0.447516	0.401024
124000	1.7374	0.4492	0.4167	0.4375	0.4340	0.8530	0.8817	0.8629	0.8671	0.448641	0.429534	0.447980	0.401173
125000	1.7374	0.4493	0.4166	0.4374	0.4341	0.8530	0.8817	0.8630	0.8670	0.448937	0.430146	0.448358	0.401269
126000	1.7373	0.4490	0.4166	0.4373	0.4344	0.8532	0.8817	0.8630	0.8669	0.449194	0.430729	0.448722	0.401332
127000	1.7374	0.4487	0.4167	0.4375	0.4345	0.8534	0.8817	0.8630	0.8668	0.449425	0.431294	0.449059	0.401378
128000	1.7369	0.4485	0.4166	0.4373	0.4346	0.8535	0.8817	0.8632	0.8668	0.449637	0.431820	0.449379	0.401420
129000	1.7372	0.4485	0.4168	0.4373	0.4346	0.8536	0.8816	0.8632	0.8668	0.449794	0.432304	0.449665	0.401442
130000	1.7371	0.4484	0.4168	0.4372	0.4348	0.8537	0.8817	0.8632	0.8667	0.450016	0.432854	0.449992	0.401493
131000	1.7373	0.4484	0.4169	0.4372	0.4348	0.8537	0.8816	0.8632	0.8666	0.450819	0.433810	0.450751	0.401953
132000	1.7374	0.4482	0.4170	0.4372	0.4349	0.8538	0.8815	0.8632	0.8666	0.451305	0.434482	0.451235	0.402138
133000	1.7375	0.4482	0.4169	0.4373	0.4350	0.8539	0.8816	0.8631	0.8665	0.451692	0.435044	0.451619	0.402231
134000	1.7374	0.4483	0.4166	0.4373	0.4352	0.8540	0.8819	0.8631	0.8664	0.452009	0.435542	0.451936	0.402280
135000	1.7374	0.4483	0.4165	0.4374	0.4351	0.8540	0.8819	0.8631	0.8664	0.452280	0.436010	0.452236	0.402278
136000	1.7372	0.4481	0.4165	0.4374	0.4352	0.8542	0.8819	0.8631	0.8664	0.452486	0.436416	0.452462	0.402272
137000	1.7373	0.4482	0.4166	0.4372	0.4353	0.8542	0.8819	0.8632	0.8663	0.452681	0.436799	0.452684	0.402230
138000	1.7370	0.4480	0.4166	0.4372	0.4353	0.8544	0.8819	0.8633	0.8663	0.452886	0.437181	0.452909	0.402186
139000	1.7371	0.4478	0.4167	0.4372	0.4354	0.8545	0.8819	0.8633	0.8663	0.453080	0.437562	0.453118	0.402137
140000	1.7370	0.4477	0.4166	0.4372	0.4355	0.8546	0.8820	0.8633	0.8662	0.453249	0.437916	0.453294	0.402066
141000	1.7372	0.4476	0.4166	0.4372	0.4358	0.8547	0.8820	0.8634	0.8662	0.453921	0.438789	0.454011	0.402684
142000	1.7376	0.4478	0.4168	0.4373	0.4358	0.8547	0.8818	0.8634	0.8662	0.454336	0.439374	0.454461	0.403017
143000	1.7374	0.4477	0.4168	0.4371	0.4359	0.8548	0.8818	0.8636	0.8662	0.454696	0.439908	0.454879	0.403292
144000	1.7372	0.4473	0.4170	0.4372	0.4358	0.8550	0.8817	0.8636	0.8662	0.455018	0.440410	0.455272	0.403529
145000	1.7376	0.4472	0.4170	0.4374	0.4359	0.8551	0.8817	0.8635	0.8662	0.455293	0.440873	0.455605	0.403736
146000	1.7373	0.4469	0.4170	0.4375	0.4358	0.8553	0.8817	0.8635	0.8662	0.455538	0.441333	0.455932	0.403939
147000	1.7368	0.4468	0.4168	0.4373	0.4360	0.8554	0.8818	0.8637	0.8662	0.455764	0.441774	0.456231	0.404106
148000	1.7366	0.4467	0.4168	0.4370	0.4361	0.8556	0.8818	0.8638	0.8661	0.455946	0.442177	0.456485	0.404235
149000	1.7362	0.4465	0.4169	0.4368	0.4360	0.8558	0.8817	0.8640	0.8662	0.456106	0.442532	0.456691	0.404315
150000	1.7358	0.4461	0.4171	0.4367	0.4359	0.8559	0.8816	0.8641	0.8663	0.456268	0.442908	0.456912	0.404390
151000	1.7356	0.4461	0.4170	0.4367	0.4358	0.8560	0.8816	0.8641	0.8663	0.456925	0.443690	0.457675	0.404964
152000	1.7360	0.4460	0.4173	0.4368	0.4359	0.8561	0.8815	0.8641	0.8662	0.457288	0.444184	0.458132	0.405218
153000	1.7358	0.4459	0.4173	0.4367	0.4359	0.8562	0.8815	0.8642	0.8662	0.457619	0.444656	0.458565	0.405466
154000	1.7360	0.4459	0.4173	0.4369	0.4359	0.8563	0.8815	0.8642	0.8662	0.457873	0.445062	0.458929	0.405657
155000	1.7359	0.4459	0.4173	0.4367	0.4359	0.8563	0.8815	0.8643	0.8662	0.458076	0.445411	0.459238	0.405789
156000	1.7359	0.4460	0.4175	0.4365	0.4360	0.8563	0.8814	0.8645	0.8662	0.458280	0.445763	0.459542	0.405920
157000	1.7360	0.4459	0.4174	0.4366	0.4361	0.8564	0.8815	0.8644	0.8661	0.458439	0.446059	0.459791	0.406018
158000	1.7362	0.4459	0.4173	0.4367	0.4363	0.8564	0.8815	0.8645	0.8660	0.458626	0.446365	0.460082	0.406141
159000	1.7358	0.4458	0.4173	0.4364	0.4363	0.8565	0.8815	0.8647	0.8660	0.458795	0.446676	0.460370	0.406257
160000	1.7357	0.4457	0.4173	0.4363	0.4365	0.8565	0.8815	0.8648	0.8659	0.458950	0.446969	0.460637	0.406358
161000	1.7363	0.4458	0.4175	0.4364	0.4366	0.8565	0.8815	0.8648	0.8658	0.459669	0.447839	0.461305	0.406988
162000	1.7360	0.4457	0.4174	0.4363	0.4366	0.8566	0.8815	0.8649	0.8658	0.460113	0.448429	0.461735	0.407329
163000	1.7363	0.4458	0.4176	0.4361	0.4368	0.8566	0.8814	0.8650	0.8658	0.460482	0.448951	0.462086	0.407603
164000	1.7362	0.4459	0.4175	0.4360	0.4368	0.8566	0.8814	0.8652	0.8657	0.460781	0.449438	0.462383	0.407842
165000	1.7359	0.4457	0.4175	0.4359	0.4369	0.8567	0.8813	0.8652	0.8657	0.461069	0.449900	0.462676	0.408058
166000	1.7358	0.4457	0.4176	0.4356	0.4370	0.8567	0.8813	0.8655	0.8656	0.461334	0.450329	0.462913	0.408220
167000	1.7357	0.4457	0.4176	0.4355	0.4369	0.8567	0.8813	0.8656	0.8656	0.461557	0.450713	0.463112	0.408351
168000	1.7356	0.4456	0.4177	0.4355	0.4369	0.8568	0.8813	0.8656	0.8656	0.461763	0.451071	0.463322	0.408509
169000	1.7354	0.4454	0.4176	0.4354	0.4370	0.8569	0.8813	0.8657	0.8655	0.461950	0.451421	0.463521	0.408634
170000	1.7354	0.4455	0.4176	0.4354	0.4369	0.8568	0.8814	0.8658	0.8655	0.462139	0.451750	0.463715	0.408761
171000	1.7355	0.4454	0.4176	0.4355	0.4370	0.8568	0.8814	0.8658	0.8655	0.462785	0.452453	0.464325	0.409317
172000	1.7355	0.4454	0.4177	0.4355	0.4370	0.8569	0.8813	0.8658	0.8654	0.463168	0.452948	0.464713	0.409643
173000	1.7360	0.4454	0.4178	0.4357	0.4371	0.8569	0.8813	0.8657	0.8654	0.463503	0.453369	0.465017	0.409898
174000	1.7359	0.4452	0.4177	0.4356	0.4373	0.8571	0.8813	0.8658	0.8653	0.463745	0.453718	0.465258	0.410075
175000	1.7359	0.4450	0.4177	0.4356	0.4376	0.8572	0.8812	0.8658	0.8652	0.463921	0.454026	0.465428	0.410194
176000	1.7359	0.4450	0.4176	0.4357	0.4377	0.8572	0.8813	0.8659	0.8652	0.464058	0.454322	0.465583	0.410304
177000	1.7359	0.4449	0.4175	0.4356	0.4377	0.8572	0.8813	0.8659	0.8652	0.464200	0.454605	0.465720	0.410391
178000	1.7360	0.4450	0.4175	0.4358	0.4377	0.8573	0.8814	0.8659	0.8652	0.464337	0.454872	0.465867	0.410476
179000	1.7358	0.4449	0.4175	0.4357	0.4376	0.8574	0.8813	0.8659	0.8651	0.464441	0.455099	0.465971	0.410526
180000	1.7360	0.4449	0.4176	0.4358	0.4377	0.8574	0.8813	0.8659	0.8651	0.464550	0.455328	0.466075	0.410589
181000	1.7362	0.4450	0.4176	0.4358	0.4378	0.8574	0.8813	0.8659	0.8650	0.465198	0.456012	0.466709	0.411182
182000	1.7361	0.4450	0.4176	0.4357	0.4379	0.8574	0.8813	0.8660	0.8649	0.465567	0.456417	0.467066	0.411512
183000	1.7360	0.4449	0.4177	0.4355	0.4378	0.8575	0.8812	0.8660	0.8650	0.465855	0.456741	0.467369	0.411781
184000	1.7358	0.4449	0.4175	0.4356	0.4377	0.8575	0.8813	0.8661	0.8650	0.466093	0.457010	0.467610	0.412017
185000	1.7359	0.4449	0.4175	0.4357	0.4379	0.8575	0.8813	0.8661	0.8650	0.466270	0.457218	0.467810	0.412184
186000	1.7363	0.4449	0.4177	0.4356	0.4381	0.8575	0.8812	0.8661	0.8649	0.466436	0.457422	0.467994	0.412363
187000	1.7365	0.4450	0.4176	0.4357	0.4382	0.8575	0.8812	0.8661	0.8649	0.466586	0.457607	0.468141	0.412513
188000	1.7365	0.4451	0.4177	0.4356	0.4381	0.8575	0.8812	0.8661	0.8649	0.466715	0.457772	0.468278	0.412639
189000	1.7366	0.4450	0.4177	0.4357	0.4381	0.8575	0.8811	0.8661	0.8648	0.466829	0.457926	0.468401	0.412767
190000	1.7369	0.4452	0.4177	0.4359	0.4381	0.8575	0.8811	0.8660	0.8649	0.466937	0.458067	0.468528	0.412862
191000	1.7372	0.4453	0.4177	0.4359	0.4383	0.8574	0.8811	0.8660	0.8648	0.467485	0.458710	0.469101	0.413339
192000	1.7373	0.4451	0.4178	0.4359	0.4384	0.8575	0.8810	0.8660	0.8647	0.467848	0.459128	0.469468	0.413639
193000	1.7371	0.4452	0.4176	0.4359	0.4383	0.8575	0.8811	0.8660	0.8647	0.468112	0.459454	0.469745	0.413860
194000	1.7373	0.4452	0.4178	0.4358	0.4385	0.8575	0.8811	0.8660	0.8646	0.468356	0.459764	0.470001	0.414065
195000	1.7370	0.4452	0.4177	0.4358	0.4383	0.8576	0.8811	0.8661	0.8647	0.468550	0.460016	0.470192	0.414212
196000	1.7369	0.4452	0.4177	0.4357	0.4383	0.8576	0.8812	0.8661	0.8647	0.468712	0.460253	0.470330	0.414333
197000	1.7372	0.4453	0.4179	0.4357	0.4384	0.8576	0.8811	0.8661	0.8646	0.468882	0.460485	0.470483	0.414464
198000	1.7373	0.4452	0.4178	0.4358	0.4385	0.8576	0.8811	0.8661	0.8646	0.469026	0.460688	0.470611	0.414579
199000	1.7374	0.4452	0.4179	0.4357	0.4386	0.8577	0.8810	0.8661	0.8645	0.469172	0.460878	0.470741	0.414670
200000	1.7372	0.4450	0.4180	0.4357	0.4386	0.8578	0.8810	0.8661	0.8646	0.469301	0.461040	0.470832	0.414759
201000	1.7374	0.4450	0.4179	0.4358	0.4386	0.8578	0.8810	0.8661	0.8645	0.469870	0.461670	0.471385	0.415267
202000	1.7372	0.4452	0.4178	0.4357	0.4385	0.8577	0.8810	0.8661	0.8646	0.470215	0.462063	0.471703	0.415570
203000	1.7368	0.4450	0.4177	0.4356	0.4384	0.8578	0.8810	0.8661	0.8647	0.470490	0.462398	0.471956	0.415817
204000	1.7369	0.4451	0.4179	0.4356	0.4383	0.8578	0.8810	0.8661	0.8647	0.470739	0.462668	0.472132	0.416025
205000	1.7369	0.4452	0.4180	0.4355	0.4382	0.8578	0.8809	0.8661	0.8647	0.470917	0.462890	0.472266	0.416202
206000	1.7366	0.4450	0.4179	0.4356	0.4381	0.8578	0.8810	0.8661	0.8647	0.471103	0.463118	0.472415	0.416402
207000	1.7366	0.4451	0.4179	0.4355	0.4382	0.8579	0.8810	0.8661	0.8647	0.471252	0.463303	0.472507	0.416557
208000	1.7366	0.4450	0.4178	0.4356	0.4382	0.8579	0.8810	0.8661	0.8647	0.471390	0.463479	0.472619	0.416697
209000	1.7366	0.4451	0.4178	0.4356	0.4382	0.8579	0.8810	0.8660	0.8647	0.471532	0.463662	0.472742	0.416857
210000	1.7366	0.4451	0.4178	0.4356	0.4381	0.8579	0.8810	0.8660	0.8647	0.471663	0.463832	0.472843	0.417004
211000	1.7370	0.4452	0.4178	0.4357	0.4383	0.8579	0.8810	0.8660	0.8647	0.472160	0.464392	0.473366	0.417549
212000	1.7369	0.4451	0.4178	0.4358	0.4382	0.8580	0.8810	0.8659	0.8647	0.472444	0.464732	0.473663	0.417898
213000	1.7370	0.4450	0.4178	0.4359	0.4383	0.8581	0.8809	0.8659	0.8647	0.472659	0.465013	0.473899	0.418181
214000	1.7369	0.4450	0.4177	0.4359	0.4382	0.8581	0.8809	0.8658	0.8647	0.472843	0.465254	0.474103	0.418439
215000	1.7369	0.4450	0.4178	0.4360	0.4381	0.8581	0.8809	0.8658	0.8647	0.472995	0.465466	0.474283	0.418664
216000	1.7371	0.4450	0.4179	0.4360	0.4381	0.8582	0.8808	0.8658	0.8647	0.473112	0.465645	0.474445	0.418869
217000	1.7368	0.4448	0.4179	0.4360	0.4382	0.8582	0.8808	0.8658	0.8647	0.473183	0.465793	0.474574	0.419053
218000	1.7370	0.4448	0.4180	0.4360	0.4382	0.8583	0.8807	0.8658	0.8646	0.473279	0.465954	0.474699	0.419238
219000	1.7368	0.4445	0.4180	0.4360	0.4383	0.8584	0.8807	0.8658	0.8646	0.473367	0.466116	0.474815	0.419433
220000	1.7370	0.4446	0.4182	0.4359	0.4383	0.8585	0.8806	0.8658	0.8646	0.473453	0.466251	0.474932	0.419601
221000	1.7370	0.4444	0.4183	0.4360	0.4383	0.8585	0.8806	0.8658	0.8646	0.473921	0.466742	0.475428	0.420094
222000	1.7372	0.4444	0.4184	0.4361	0.4384	0.8586	0.8806	0.8657	0.8646	0.474184	0.467004	0.475706	0.420394
223000	1.7368	0.4442	0.4183	0.4361	0.4383	0.8587	0.8806	0.8657	0.8646	0.474378	0.467197	0.475905	0.420621
224000	1.7369	0.4443	0.4182	0.4362	0.4382	0.8587	0.8806	0.8657	0.8647	0.474546	0.467357	0.476100	0.420838
225000	1.7370	0.4443	0.4183	0.4362	0.4382	0.8587	0.8806	0.8657	0.8646	0.474690	0.467497	0.476260	0.421028
226000	1.7369	0.4442	0.4182	0.4363	0.4382	0.8588	0.8806	0.8657	0.8646	0.474808	0.467621	0.476408	0.421203
227000	1.7369	0.4441	0.4182	0.4364	0.4383	0.8589	0.8806	0.8656	0.8646	0.474881	0.467715	0.476515	0.421350
228000	1.7368	0.4439	0.4184	0.4363	0.4382	0.8589	0.8805	0.8657	0.8646	0.474965	0.467826	0.476641	0.421505
229000	1.7367	0.4438	0.4184	0.4364	0.4381	0.8590	0.8805	0.8656	0.8646	0.475019	0.467907	0.476721	0.421613
230000	1.7367	0.4436	0.4184	0.4365	0.4381	0.8591	0.8805	0.8656	0.8646	0.475095	0.468012	0.476819	0.421742
231000	1.7366	0.4436	0.4184	0.4364	0.4381	0.8592	0.8805	0.8656	0.8646	0.475622	0.468472	0.477361	0.422306
232000	1.7365	0.4435	0.4185	0.4364	0.4382	0.8593	0.8804	0.8656	0.8647	0.475918	0.468694	0.477654	0.422658
233000	1.7365	0.4435	0.4185	0.4363	0.4383	0.8593	0.8804	0.8657	0.8646	0.476148	0.468847	0.477872	0.422923
234000	1.7363	0.4434	0.4185	0.4362	0.4382	0.8594	0.8804	0.8657	0.8646	0.476359	0.468976	0.478060	0.423182
235000	1.7362	0.4434	0.4185	0.4362	0.4381	0.8594	0.8804	0.8657	0.8646	0.476508	0.469027	0.478174	0.423362
236000	1.7362	0.4434	0.4185	0.4362	0.4381	0.8594	0.8804	0.8657	0.8646	0.476656	0.469087	0.478288	0.423533
237000	1.7360	0.4432	0.4185	0.4361	0.4381	0.8595	0.8804	0.8658	0.8646	0.476758	0.469106	0.478354	0.423672
238000	1.7362	0.4432	0.4185	0.4362	0.4383	0.8596	0.8804	0.8657	0.8646	0.476884	0.469132	0.478430	0.423816
239000	1.7363	0.4432	0.4186	0.4362	0.4383	0.8596	0.8803	0.8657	0.8646	0.476972	0.469126	0.478508	0.423929
240000	1.7364	0.4432	0.4188	0.4362	0.4382	0.8596	0.8803	0.8657	0.8646	0.477086	0.469150	0.478593	0.424078
241000	1.7362	0.4431	0.4187	0.4362	0.4382	0.8597	0.8803	0.8657	0.8646	0.477496	0.469624	0.479064	0.424577
242000	1.7362	0.4429	0.4188	0.4363	0.4382	0.8598	0.8802	0.8656	0.8646	0.477717	0.469903	0.479326	0.424877
243000	1.7364	0.4429	0.4189	0.4364	0.4382	0.8598	0.8802	0.8656	0.8646	0.477860	0.470106	0.479509	0.425104
244000	1.7366	0.4429	0.4190	0.4366	0.4382	0.8598	0.8801	0.8655	0.8646	0.477994	0.470310	0.479694	0.425322
245000	1.7366	0.4428	0.4190	0.4367	0.4381	0.8599	0.8801	0.8654	0.8647	0.478087	0.470484	0.479833	0.425510
246000	1.7366	0.4427	0.4190	0.4368	0.4381	0.8600	0.8801	0.8654	0.8647	0.478169	0.470658	0.479970	0.425687
247000	1.7364	0.4427	0.4190	0.4368	0.4380	0.8600	0.8801	0.8654	0.8648	0.478234	0.470812	0.480087	0.425839
248000	1.7363	0.4426	0.4189	0.4368	0.4379	0.8600	0.8801	0.8654	0.8648	0.478271	0.470951	0.480179	0.425984
249000	1.7361	0.4425	0.4189	0.4368	0.4379	0.8601	0.8801	0.8654	0.8648	0.478302	0.471087	0.480274	0.426144
250000	1.7364	0.4426	0.4190	0.4369	0.4379	0.8601	0.8801	0.8653	0.8648	0.478338	0.471222	0.480357	0.426303
251000	1.7365	0.4426	0.4190	0.4369	0.4380	0.8601	0.8801	0.8654	0.8647	0.478687	0.471647	0.480686	0.426765
252000	1.7366	0.4426	0.4190	0.4369	0.4380	0.8601	0.8800	0.8653	0.8647	0.478847	0.471876	0.480805	0.427026
253000	1.7366	0.4426	0.4191	0.4369	0.4380	0.8601	0.8800	0.8654	0.8647	0.478966	0.472047	0.480883	0.427244
254000	1.7365	0.4425	0.4191	0.4367	0.4381	0.8602	0.8800	0.8654	0.8647	0.479039	0.472183	0.480924	0.427421
255000	1.7366	0.4426	0.4191	0.4368	0.4382	0.8602	0.8800	0.8654	0.8646	0.479090	0.472301	0.480930	0.427574
256000	1.7365	0.4425	0.4192	0.4368	0.4380	0.8603	0.8800	0.8654	0.8647	0.479113	0.472398	0.480920	0.427703
257000	1.7364	0.4424	0.4193	0.4367	0.4380	0.8603	0.8800	0.8654	0.8647	0.479149	0.472500	0.480921	0.427852
258000	1.7363	0.4423	0.4192	0.4368	0.4379	0.8604	0.8800	0.8654	0.8647	0.479166	0.472570	0.480894	0.427977
259000	1.7365	0.4423	0.4192	0.4369	0.4380	0.8604	0.8800	0.8653	0.8646	0.479157	0.472621	0.480835	0.428078
260000	1.7365	0.4423	0.4193	0.4369	0.4380	0.8604	0.8799	0.8653	0.8647	0.479151	0.472681	0.480796	0.428184
261000	1.7362	0.4423	0.4193	0.4368	0.4378	0.8604	0.8799	0.8654	0.8647	0.479505	0.473096	0.481117	0.428585
262000	1.7362	0.4422	0.4194	0.4368	0.4379	0.8605	0.8798	0.8654	0.8647	0.479692	0.473349	0.481262	0.428829
263000	1.7360	0.4420	0.4195	0.4366	0.4379	0.8606	0.8798	0.8654	0.8647	0.479810	0.473529	0.481345	0.429012
264000	1.7360	0.4419	0.4195	0.4367	0.4379	0.8606	0.8798	0.8654	0.8647	0.479899	0.473688	0.481397	0.429174
265000	1.7360	0.4418	0.4196	0.4367	0.4379	0.8607	0.8797	0.8654	0.8647	0.479953	0.473821	0.481416	0.429298
266000	1.7361	0.4417	0.4198	0.4367	0.4379	0.8607	0.8797	0.8654	0.8647	0.480000	0.473946	0.481432	0.429417
267000	1.7361	0.4416	0.4199	0.4367	0.4379	0.8608	0.8796	0.8654	0.8647	0.480046	0.474085	0.481439	0.429528
268000	1.7360	0.4416	0.4199	0.4366	0.4379	0.8608	0.8796	0.8654	0.8646	0.480069	0.474191	0.481428	0.429625
269000	1.7361	0.4416	0.4198	0.4367	0.4380	0.8608	0.8796	0.8654	0.8646	0.480096	0.474304	0.481435	0.429731
270000	1.7360	0.4415	0.4198	0.4367	0.4380	0.8609	0.8796	0.8653	0.8646	0.480118	0.474394	0.481424	0.429806
271000	1.7360	0.4415	0.4197	0.4367	0.4380	0.8609	0.8796	0.8653	0.8646	0.480465	0.474744	0.481790	0.430220
272000	1.7360	0.4415	0.4197	0.4368	0.4380	0.8609	0.8797	0.8653	0.8646	0.480684	0.474970	0.482006	0.430509
273000	1.7357	0.4414	0.4196	0.4367	0.4380	0.8610	0.8797	0.8653	0.8647	0.480817	0.475097	0.482128	0.430721
274000	1.7356	0.4415	0.4196	0.4366	0.4379	0.8610	0.8797	0.8654	0.8647	0.480924	0.475196	0.482241	0.430905
275000	1.7357	0.4415	0.4196	0.4367	0.4379	0.8610	0.8797	0.8653	0.8647	0.481021	0.475269	0.482323	0.431073
276000	1.7360	0.4415	0.4197	0.4368	0.4379	0.8610	0.8797	0.8653	0.8647	0.481110	0.475336	0.482406	0.431228
277000	1.7359	0.4415	0.4196	0.4368	0.4379	0.8609	0.8797	0.8653	0.8647	0.481209	0.475392	0.482478	0.431377
278000	1.7358	0.4415	0.4196	0.4369	0.4378	0.8610	0.8797	0.8652	0.8647	0.481287	0.475419	0.482530	0.431515
279000	1.7359	0.4415	0.4196	0.4370	0.4378	0.8610	0.8797	0.8652	0.8647	0.481355	0.475450	0.482570	0.431641
280000	1.7359	0.4414	0.4197	0.4370	0.4378	0.8610	0.8797	0.8652	0.8647	0.481422	0.475472	0.482610	0.431768
281000	1.7361	0.4414	0.4197	0.4370	0.4380	0.8611	0.8797	0.8651	0.8647	0.481724	0.475842	0.483020	0.432178
282000	1.7361	0.4413	0.4197	0.4370	0.4380	0.8611	0.8796	0.8652	0.8646	0.481886	0.476065	0.483254	0.432426
283000	1.7361	0.4414	0.4198	0.4370	0.4380	0.8611	0.8796	0.8651	0.8647	0.482001	0.476224	0.483437	0.432639
284000	1.7362	0.4414	0.4197	0.4371	0.4379	0.8610	0.8797	0.8651	0.8647	0.482078	0.476356	0.483601	0.432825
285000	1.7362	0.4415	0.4198	0.4371	0.4378	0.8610	0.8796	0.8651	0.8647	0.482150	0.476483	0.483754	0.432990
286000	1.7363	0.4414	0.4199	0.4371	0.4379	0.8610	0.8795	0.8651	0.8647	0.482175	0.476576	0.483856	0.433116
287000	1.7365	0.4414	0.4200	0.4372	0.4379	0.8610	0.8795	0.8650	0.8647	0.482182	0.476654	0.483946	0.433220
288000	1.7365	0.4416	0.4199	0.4371	0.4379	0.8610	0.8795	0.8650	0.8647	0.482206	0.476738	0.484056	0.433343
289000	1.7366	0.4416	0.4200	0.4371	0.4379	0.8610	0.8795	0.8650	0.8647	0.482217	0.476809	0.484162	0.433451
290000	1.7366	0.4416	0.4200	0.4371	0.4379	0.8610	0.8795	0.8650	0.8647	0.482216	0.476857	0.484237	0.433548
291000	1.7367	0.4416	0.4201	0.4371	0.4380	0.8610	0.8794	0.8650	0.8647	0.482541	0.477201	0.484548	0.433909
292000	1.7366	0.4416	0.4199	0.4371	0.4380	0.8610	0.8795	0.8649	0.8646	0.482722	0.477388	0.484680	0.434108
293000	1.7366	0.4415	0.4200	0.4372	0.4379	0.8610	0.8794	0.8649	0.8647	0.482846	0.477516	0.484770	0.434263
294000	1.7366	0.4415	0.4200	0.4373	0.4379	0.8610	0.8794	0.8648	0.8647	0.482919	0.477612	0.484820	0.434376
295000	1.7367	0.4414	0.4200	0.4374	0.4379	0.8611	0.8794	0.8648	0.8647	0.482957	0.477705	0.484853	0.434463
296000	1.7369	0.4414	0.4201	0.4374	0.4380	0.8611	0.8794	0.8648	0.8647	0.483006	0.477795	0.484896	0.434553
297000	1.7371	0.4413	0.4202	0.4375	0.4380	0.8611	0.8793	0.8647	0.8647	0.483043	0.477871	0.484915	0.434630
298000	1.7370	0.4413	0.4202	0.4375	0.4379	0.8611	0.8793	0.8647	0.8647	0.483081	0.477945	0.484956	0.434699
299000	1.7369	0.4414	0.4202	0.4375	0.4378	0.8610	0.8793	0.8647	0.8648	0.483080	0.478003	0.484948	0.434746
300000	1.7371	0.4414	0.4203	0.4375	0.4379	0.8610	0.8792	0.8647	0.8648	0.483071	0.478034	0.484937	0.434782
301000	1.7371	0.4414	0.4203	0.4375	0.4379	0.8610	0.8792	0.8647	0.8648	0.483462	0.478401	0.485363	0.435163
302000	1.7371	0.4415	0.4203	0.4375	0.4379	0.8610	0.8792	0.8647	0.8649	0.483694	0.478608	0.485621	0.435392
303000	1.7371	0.4413	0.4203	0.4375	0.4380	0.8611	0.8792	0.8646	0.8648	0.483861	0.478757	0.485804	0.435563
304000	1.7372	0.4413	0.4203	0.4376	0.4380	0.8611	0.8791	0.8646	0.8648	0.483991	0.478875	0.485958	0.435715
305000	1.7370	0.4413	0.4203	0.4375	0.4380	0.8611	0.8791	0.8646	0.8648	0.484129	0.479001	0.486108	0.435877
306000	1.7370	0.4412	0.4203	0.4376	0.4380	0.8611	0.8792	0.8646	0.8648	0.484237	0.479114	0.486251	0.436021
307000	1.7372	0.4412	0.4203	0.4376	0.4380	0.8611	0.8791	0.8646	0.8648	0.484329	0.479221	0.486377	0.436153
308000	1.7369	0.4411	0.4203	0.4376	0.4379	0.8612	0.8792	0.8646	0.8649	0.484399	0.479310	0.486483	0.436261
309000	1.7369	0.4412	0.4203	0.4375	0.4379	0.8612	0.8791	0.8646	0.8649	0.484464	0.479377	0.486582	0.436363
310000	1.7370	0.4412	0.4203	0.4375	0.4380	0.8612	0.8791	0.8646	0.8649	0.484521	0.479451	0.486678	0.436465
311000	1.7370	0.4411	0.4203	0.4376	0.4379	0.8613	0.8791	0.8645	0.8649	0.484932	0.479874	0.487113	0.436888
312000	1.7369	0.4412	0.4202	0.4376	0.4379	0.8612	0.8792	0.8645	0.8649	0.485198	0.480130	0.487371	0.437159
313000	1.7370	0.4413	0.4202	0.4376	0.4379	0.8612	0.8792	0.8645	0.8649	0.485392	0.480315	0.487560	0.437359
314000	1.7369	0.4412	0.4202	0.4377	0.4378	0.8613	0.8792	0.8645	0.8650	0.485571	0.480499	0.487718	0.437534
315000	1.7370	0.4412	0.4202	0.4378	0.4379	0.8613	0.8792	0.8644	0.8649	0.485727	0.480648	0.487848	0.437702
316000	1.7369	0.4412	0.4201	0.4377	0.4379	0.8613	0.8792	0.8645	0.8650	0.485864	0.480791	0.487951	0.437859
317000	1.7370	0.4412	0.4201	0.4377	0.4379	0.8613	0.8792	0.8644	0.8650	0.485986	0.480930	0.488055	0.438010
318000	1.7371	0.4412	0.4202	0.4378	0.4379	0.8614	0.8792	0.8644	0.8649	0.486109	0.481069	0.488157	0.438153
319000	1.7370	0.4411	0.4202	0.4377	0.4380	0.8614	0.8792	0.8644	0.8649	0.486224	0.481190	0.488270	0.438302
320000	1.7371	0.4412	0.4203	0.4377	0.4380	0.8614	0.8792	0.8644	0.8649	0.486334	0.481297	0.488381	0.438443
321000	1.7370	0.4411	0.4203	0.4376	0.4380	0.8615	0.8792	0.8645	0.8649	0.486707	0.481703	0.488850	0.438872
322000	1.7368	0.4411	0.4201	0.4376	0.4380	0.8615	0.8792	0.8645	0.8649	0.486910	0.481935	0.489120	0.439135
323000	1.7367	0.4410	0.4201	0.4377	0.4380	0.8616	0.8792	0.8644	0.8649	0.487055	0.482102	0.489329	0.439338
324000	1.7367	0.4409	0.4202	0.4377	0.4379	0.8616	0.8792	0.8644	0.8650	0.487180	0.482238	0.489502	0.439511
325000	1.7367	0.4409	0.4202	0.4378	0.4378	0.8616	0.8792	0.8644	0.8650	0.487286	0.482352	0.489648	0.439654
326000	1.7365	0.4409	0.4202	0.4377	0.4377	0.8617	0.8792	0.8644	0.8651	0.487361	0.482438	0.489775	0.439780
327000	1.7364	0.4408	0.4202	0.4377	0.4376	0.8617	0.8792	0.8644	0.8651	0.487432	0.482525	0.489890	0.439898
328000	1.7364	0.4407	0.4203	0.4377	0.4376	0.8618	0.8791	0.8644	0.8651	0.487493	0.482598	0.489991	0.440017
329000	1.7364	0.4407	0.4203	0.4378	0.4376	0.8618	0.8791	0.8643	0.8651	0.487541	0.482674	0.490076	0.440139
330000	1.7363	0.4407	0.4204	0.4377	0.4376	0.8618	0.8791	0.8643	0.8652	0.487600	0.482759	0.490175	0.440260
331000	1.7364	0.4408	0.4204	0.4376	0.4376	0.8618	0.8791	0.8644	0.8652	0.487944	0.483129	0.490529	0.440698
332000	1.7365	0.4407	0.4205	0.4377	0.4375	0.8618	0.8790	0.8643	0.8652	0.488153	0.483337	0.490722	0.440971
333000	1.7364	0.4407	0.4205	0.4377	0.4375	0.8619	0.8790	0.8643	0.8652	0.488292	0.483476	0.490838	0.441172
334000	1.7365	0.4407	0.4204	0.4378	0.4375	0.8619	0.8790	0.8642	0.8652	0.488398	0.483597	0.490924	0.441345
335000	1.7364	0.4407	0.4204	0.4379	0.4374	0.8619	0.8790	0.8642	0.8652	0.488463	0.483674	0.490967	0.441491
336000	1.7365	0.4407	0.4205	0.4379	0.4374	0.8619	0.8790	0.8642	0.8652	0.488525	0.483731	0.490988	0.441612
337000	1.7365	0.4406	0.4206	0.4378	0.4374	0.8620	0.8789	0.8642	0.8652	0.488584	0.483783	0.491006	0.441722
338000	1.7363	0.4405	0.4206	0.4378	0.4374	0.8621	0.8789	0.8642	0.8652	0.488623	0.483830	0.491020	0.441831
339000	1.7362	0.4405	0.4206	0.4378	0.4374	0.8621	0.8790	0.8642	0.8653	0.488639	0.483847	0.491018	0.441916
340000	1.7360	0.4405	0.4206	0.4377	0.4373	0.8621	0.8790	0.8642	0.8653	0.488662	0.483894	0.491022	0.442006
341000	1.7362	0.4405	0.4206	0.4378	0.4373	0.8622	0.8789	0.8642	0.8653	0.488983	0.484245	0.491374	0.442428
342000	1.7363	0.4405	0.4207	0.4378	0.4373	0.8621	0.8789	0.8641	0.8654	0.489147	0.484419	0.491558	0.442686
343000	1.7362	0.4405	0.4207	0.4378	0.4372	0.8622	0.8789	0.8641	0.8654	0.489255	0.484532	0.491692	0.442891
344000	1.7360	0.4404	0.4208	0.4378	0.4372	0.8623	0.8789	0.8641	0.8654	0.489343	0.484615	0.491796	0.443068
345000	1.7361	0.4404	0.4208	0.4378	0.4371	0.8623	0.8789	0.8641	0.8654	0.489413	0.484683	0.491886	0.443231
346000	1.7361	0.4403	0.4207	0.4378	0.4372	0.8623	0.8789	0.8641	0.8654	0.489498	0.484758	0.491972	0.443399
347000	1.7362	0.4404	0.4208	0.4378	0.4372	0.8623	0.8789	0.8641	0.8654	0.489556	0.484803	0.492033	0.443543
348000	1.7360	0.4403	0.4208	0.4377	0.4372	0.8624	0.8788	0.8641	0.8655	0.489607	0.484848	0.492088	0.443668
349000	1.7359	0.4403	0.4209	0.4376	0.4371	0.8624	0.8788	0.8641	0.8655	0.489659	0.484877	0.492142	0.443794
350000	1.7357	0.4402	0.4207	0.4376	0.4371	0.8624	0.8789	0.8641	0.8656	0.489713	0.484916	0.492196	0.443915
351000	1.7356	0.4401	0.4208	0.4376	0.4372	0.8625	0.8789	0.8641	0.8655	0.490100	0.485279	0.492560	0.444335
352000	1.7356	0.4401	0.4208	0.4376	0.4371	0.8625	0.8788	0.8641	0.8655	0.490335	0.485480	0.492753	0.444602
353000	1.7357	0.4401	0.4209	0.4377	0.4371	0.8625	0.8788	0.8641	0.8656	0.490537	0.485638	0.492912	0.444825
354000	1.7358	0.4400	0.4210	0.4378	0.4371	0.8626	0.8787	0.8640	0.8656	0.490724	0.485777	0.493046	0.445021
355000	1.7359	0.4401	0.4210	0.4377	0.4371	0.8626	0.8787	0.8640	0.8655	0.490890	0.485904	0.493149	0.445207
356000	1.7359	0.4400	0.4210	0.4377	0.4371	0.8626	0.8787	0.8640	0.8655	0.491051	0.486024	0.493262	0.445393
357000	1.7360	0.4400	0.4211	0.4377	0.4372	0.8627	0.8787	0.8640	0.8655	0.491200	0.486132	0.493358	0.445561
358000	1.7359	0.4400	0.4210	0.4378	0.4371	0.8627	0.8788	0.8639	0.8656	0.491353	0.486227	0.493441	0.445723
359000	1.7359	0.4399	0.4210	0.4378	0.4371	0.8627	0.8788	0.8639	0.8655	0.491489	0.486316	0.493510	0.445869
360000	1.7357	0.4398	0.4210	0.4379	0.4371	0.8628	0.8788	0.8639	0.8656	0.491615	0.486388	0.493567	0.446010
361000	1.7359	0.4398	0.4210	0.4380	0.4371	0.8628	0.8788	0.8638	0.8656	0.491984	0.486839	0.493968	0.446462
362000	1.7358	0.4398	0.4210	0.4380	0.4371	0.8628	0.8787	0.8638	0.8656	0.492218	0.487121	0.494203	0.446769
363000	1.7358	0.4397	0.4210	0.4380	0.4371	0.8629	0.8787	0.8638	0.8656	0.492371	0.487323	0.494357	0.446994
364000	1.7357	0.4397	0.4210	0.4380	0.4371	0.8629	0.8788	0.8638	0.8656	0.492515	0.487503	0.494486	0.447210
365000	1.7356	0.4396	0.4209	0.4380	0.4370	0.8629	0.8788	0.8638	0.8657	0.492624	0.487651	0.494598	0.447400
366000	1.7356	0.4397	0.4209	0.4380	0.4371	0.8629	0.8788	0.8638	0.8657	0.492724	0.487789	0.494677	0.447567
367000	1.7355	0.4396	0.4209	0.4380	0.4370	0.8630	0.8788	0.8638	0.8657	0.492817	0.487916	0.494762	0.447727
368000	1.7354	0.4396	0.4209	0.4379	0.4370	0.8630	0.8788	0.8638	0.8657	0.492899	0.488041	0.494834	0.447879
369000	1.7352	0.4395	0.4209	0.4378	0.4370	0.8630	0.8788	0.8638	0.8657	0.492993	0.488170	0.494914	0.448035
370000	1.7352	0.4395	0.4209	0.4379	0.4370	0.8631	0.8788	0.8638	0.8657	0.493064	0.488284	0.494983	0.448167
371000	1.7353	0.4395	0.4210	0.4378	0.4370	0.8631	0.8788	0.8638	0.8657	0.493422	0.488708	0.495342	0.448551
372000	1.7354	0.4395	0.4210	0.4379	0.4370	0.8631	0.8788	0.8638	0.8657	0.493642	0.488975	0.495557	0.448798
373000	1.7352	0.4394	0.4209	0.4378	0.4370	0.8632	0.8789	0.8638	0.8657	0.493812	0.489176	0.495699	0.448992
374000	1.7352	0.4394	0.4209	0.4379	0.4370	0.8632	0.8789	0.8638	0.8657	0.493941	0.489318	0.495797	0.449152
375000	1.7352	0.4395	0.4210	0.4379	0.4369	0.8632	0.8788	0.8638	0.8657	0.494054	0.489445	0.495862	0.449282
376000	1.7351	0.4394	0.4209	0.4379	0.4369	0.8632	0.8789	0.8638	0.8658	0.494143	0.489553	0.495908	0.449401
377000	1.7350	0.4394	0.4209	0.4379	0.4368	0.8632	0.8789	0.8638	0.8658	0.494232	0.489649	0.495941	0.449503
378000	1.7351	0.4393	0.4209	0.4380	0.4369	0.8633	0.8789	0.8637	0.8658	0.494312	0.489738	0.495970	0.449597
379000	1.7352	0.4394	0.4210	0.4380	0.4369	0.8633	0.8789	0.8637	0.8658	0.494411	0.489841	0.496011	0.449705
380000	1.7351	0.4393	0.4210	0.4380	0.4369	0.8633	0.8789	0.8637	0.8658	0.494496	0.489923	0.496029	0.449801
381000	1.7352	0.4392	0.4210	0.4380	0.4369	0.8634	0.8789	0.8637	0.8658	0.494894	0.490358	0.496412	0.450223
382000	1.7352	0.4391	0.4210	0.4382	0.4369	0.8635	0.8789	0.8637	0.8658	0.495120	0.490625	0.496641	0.450499
383000	1.7352	0.4390	0.4210	0.4381	0.4370	0.8635	0.8789	0.8637	0.8658	0.495290	0.490834	0.496820	0.450717
384000	1.7350	0.4389	0.4209	0.4381	0.4370	0.8636	0.8790	0.8637	0.8658	0.495430	0.491007	0.496964	0.450892
385000	1.7350	0.4389	0.4209	0.4382	0.4369	0.8636	0.8790	0.8636	0.8658	0.495548	0.491161	0.497091	0.451059
386000	1.7349	0.4389	0.4210	0.4382	0.4368	0.8636	0.8790	0.8636	0.8659	0.495651	0.491296	0.497216	0.451196
387000	1.7349	0.4389	0.4210	0.4382	0.4368	0.8637	0.8790	0.8636	0.8659	0.495737	0.491420	0.497334	0.451342
388000	1.7349	0.4388	0.4210	0.4382	0.4369	0.8637	0.8790	0.8636	0.8658	0.495803	0.491526	0.497428	0.451462
389000	1.7348	0.4388	0.4209	0.4383	0.4368	0.8638	0.8790	0.8636	0.8659	0.495874	0.491633	0.497523	0.451583
390000	1.7348	0.4387	0.4209	0.4383	0.4368	0.8638	0.8790	0.8636	0.8659	0.495942	0.491738	0.497608	0.451697
391000	1.7349	0.4387	0.4210	0.4383	0.4369	0.8638	0.8790	0.8635	0.8658	0.496382	0.492182	0.498061	0.452134
392000	1.7351	0.4388	0.4210	0.4384	0.4369	0.8638	0.8790	0.8635	0.8659	0.496660	0.492461	0.498353	0.452418
393000	1.7350	0.4388	0.4209	0.4384	0.4369	0.8638	0.8790	0.8635	0.8659	0.496890	0.492690	0.498609	0.452652
394000	1.7349	0.4387	0.4210	0.4383	0.4369	0.8639	0.8790	0.8635	0.8659	0.497090	0.492885	0.498824	0.452840
395000	1.7349	0.4386	0.4210	0.4383	0.4370	0.8639	0.8790	0.8635	0.8659	0.497273	0.493060	0.499019	0.453018
396000	1.7349	0.4386	0.4209	0.4383	0.4370	0.8640	0.8791	0.8635	0.8658	0.497424	0.493204	0.499188	0.453152
397000	1.7350	0.4386	0.4209	0.4384	0.4371	0.8640	0.8791	0.8635	0.8658	0.497560	0.493330	0.499336	0.453283
398000	1.7350	0.4386	0.4210	0.4384	0.4371	0.8640	0.8790	0.8635	0.8658	0.497694	0.493449	0.499482	0.453417
399000	1.7348	0.4386	0.4209	0.4383	0.4371	0.8640	0.8791	0.8635	0.8658	0.497821	0.493556	0.499637	0.453547
400000	1.7348	0.4385	0.4209	0.4383	0.4371	0.8641	0.8791	0.8635	0.8658	0.497929	0.493657	0.499782	0.453665
401000	1.7347	0.4384	0.4208	0.4383	0.4371	0.8641	0.8791	0.8635	0.8659	0.498378	0.494110	0.500187	0.454088
402000	1.7347	0.4384	0.4209	0.4384	0.4371	0.8641	0.8791	0.8635	0.8658	0.498691	0.494401	0.500453	0.454366
403000	1.7349	0.4384	0.4209	0.4385	0.4371	0.8641	0.8792	0.8634	0.8658	0.498936	0.494638	0.500666	0.454590
404000	1.7348	0.4384	0.4209	0.4385	0.4371	0.8642	0.8792	0.8634	0.8659	0.499149	0.494831	0.500835	0.454782
405000	1.7348	0.4384	0.4209	0.4385	0.4370	0.8642	0.8792	0.8634	0.8659	0.499344	0.495008	0.501000	0.454961
406000	1.7349	0.4384	0.4209	0.4385	0.4371	0.8642	0.8792	0.8634	0.8659	0.499515	0.495159	0.501149	0.455125
407000	1.7347	0.4383	0.4209	0.4385	0.4371	0.8643	0.8792	0.8634	0.8659	0.499670	0.495294	0.501278	0.455267
408000	1.7346	0.4382	0.4208	0.4385	0.4371	0.8643	0.8792	0.8634	0.8659	0.499793	0.495398	0.501377	0.455386
409000	1.7346	0.4382	0.4208	0.4385	0.4371	0.8643	0.8792	0.8634	0.8659	0.499922	0.495511	0.501473	0.455502
410000	1.7346	0.4381	0.4208	0.4385	0.4372	0.8644	0.8793	0.8634	0.8659	0.500059	0.495628	0.501574	0.455622
411000	1.7344	0.4381	0.4207	0.4385	0.4371	0.8644	0.8793	0.8634	0.8659	0.500450	0.496036	0.501962	0.455994
412000	1.7344	0.4380	0.4207	0.4385	0.4371	0.8644	0.8793	0.8634	0.8659	0.500702	0.496282	0.502188	0.456227
413000	1.7344	0.4381	0.4207	0.4385	0.4371	0.8644	0.8794	0.8634	0.8659	0.500898	0.496470	0.502362	0.456419
414000	1.7344	0.4381	0.4207	0.4385	0.4372	0.8644	0.8794	0.8634	0.8659	0.501049	0.496622	0.502493	0.456577
415000	1.7344	0.4380	0.4207	0.4385	0.4372	0.8645	0.8794	0.8634	0.8659	0.501185	0.496746	0.502604	0.456711
416000	1.7342	0.4379	0.4206	0.4385	0.4371	0.8645	0.8794	0.8634	0.8659	0.501305	0.496858	0.502699	0.456831
417000	1.7341	0.4379	0.4206	0.4385	0.4372	0.8646	0.8795	0.8634	0.8659	0.501404	0.496955	0.502779	0.456928
418000	1.7342	0.4379	0.4205	0.4385	0.4373	0.8646	0.8795	0.8634	0.8658	0.501511	0.497055	0.502861	0.457043
419000	1.7341	0.4379	0.4204	0.4384	0.4373	0.8646	0.8796	0.8634	0.8658	0.501596	0.497139	0.502927	0.457138
420000	1.7341	0.4379	0.4205	0.4384	0.4373	0.8646	0.8796	0.8634	0.8658	0.501653	0.497202	0.502981	0.457226
421000	1.7340	0.4378	0.4205	0.4384	0.4373	0.8646	0.8796	0.8634	0.8658	0.501986	0.497544	0.503277	0.457559
422000	1.7340	0.4378	0.4204	0.4385	0.4373	0.8647	0.8797	0.8634	0.8658	0.502181	0.497742	0.503429	0.457758
423000	1.7339	0.4378	0.4204	0.4385	0.4373	0.8647	0.8797	0.8634	0.8658	0.502321	0.497899	0.503537	0.457918
424000	1.7339	0.4378	0.4203	0.4385	0.4373	0.8647	0.8797	0.8634	0.8658	0.502425	0.498013	0.503618	0.458032
425000	1.7339	0.4377	0.4203	0.4386	0.4373	0.8647	0.8798	0.8633	0.8658	0.502498	0.498092	0.503648	0.458120
426000	1.7336	0.4377	0.4202	0.4385	0.4372	0.8648	0.8798	0.8634	0.8659	0.502560	0.498167	0.503673	0.458196
427000	1.7335	0.4376	0.4202	0.4385	0.4371	0.8648	0.8798	0.8633	0.8659	0.502623	0.498249	0.503705	0.458274
428000	1.7335	0.4375	0.4203	0.4385	0.4372	0.8649	0.8798	0.8634	0.8659	0.502669	0.498313	0.503729	0.458348
429000	1.7334	0.4375	0.4203	0.4385	0.4371	0.8649	0.8798	0.8633	0.8659	0.502700	0.498367	0.503747	0.458413
430000	1.7334	0.4375	0.4203	0.4384	0.4372	0.8649	0.8798	0.8634	0.8659	0.502716	0.498402	0.503768	0.458459
431000	1.7335	0.4375	0.4204	0.4385	0.4372	0.8649	0.8798	0.8634	0.8659	0.503068	0.498761	0.504113	0.458805
432000	1.7334	0.4374	0.4203	0.4385	0.4372	0.8650	0.8799	0.8633	0.8659	0.503274	0.498978	0.504324	0.459038
433000	1.7335	0.4374	0.4203	0.4386	0.4372	0.8650	0.8799	0.8633	0.8659	0.503433	0.499135	0.504481	0.459220
434000	1.7334	0.4374	0.4204	0.4386	0.4371	0.8650	0.8799	0.8633	0.8659	0.503557	0.499256	0.504598	0.459370
435000	1.7334	0.4373	0.4203	0.4386	0.4371	0.8650	0.8799	0.8633	0.8659	0.503645	0.499348	0.504686	0.459497
436000	1.7334	0.4373	0.4203	0.4386	0.4372	0.8651	0.8799	0.8633	0.8659	0.503714	0.499415	0.504751	0.459595
437000	1.7333	0.4373	0.4203	0.4386	0.4371	0.8651	0.8799	0.8633	0.8659	0.503777	0.499480	0.504812	0.459683
438000	1.7333	0.4373	0.4203	0.4386	0.4371	0.8651	0.8799	0.8633	0.8659	0.503834	0.499541	0.504871	0.459758
439000	1.7333	0.4374	0.4202	0.4386	0.4371	0.8651	0.8800	0.8633	0.8659	0.503874	0.499586	0.504904	0.459823
440000	1.7333	0.4374	0.4202	0.4386	0.4371	0.8651	0.8800	0.8632	0.8659	0.503899	0.499626	0.504945	0.459890
441000	1.7334	0.4373	0.4202	0.4387	0.4371	0.8651	0.8800	0.8632	0.8659	0.504272	0.500009	0.505297	0.460240
442000	1.7333	0.4373	0.4201	0.4387	0.4372	0.8651	0.8801	0.8632	0.8659	0.504517	0.500252	0.505512	0.460481
443000	1.7334	0.4373	0.4201	0.4387	0.4372	0.8651	0.8801	0.8632	0.8659	0.504697	0.500441	0.505673	0.460670
444000	1.7334	0.4373	0.4201	0.4387	0.4373	0.8652	0.8801	0.8632	0.8658	0.504846	0.500591	0.505800	0.460838
445000	1.7332	0.4372	0.4200	0.4387	0.4373	0.8652	0.8801	0.8632	0.8659	0.504978	0.500722	0.505900	0.460985
446000	1.7333	0.4372	0.4201	0.4387	0.4373	0.8652	0.8801	0.8632	0.8659	0.505074	0.500833	0.505981	0.461117
447000	1.7333	0.4372	0.4201	0.4387	0.4373	0.8652	0.8801	0.8632	0.8659	0.505173	0.500937	0.506057	0.461232
448000	1.7332	0.4372	0.4200	0.4388	0.4372	0.8653	0.8801	0.8632	0.8659	0.505254	0.501028	0.506132	0.461342
449000	1.7332	0.4371	0.4200	0.4388	0.4372	0.8653	0.8801	0.8631	0.8659	0.505334	0.501116	0.506190	0.461446
450000	1.7331	0.4371	0.4200	0.4388	0.4372	0.8653	0.8801	0.8631	0.8659	0.505389	0.501189	0.506231	0.461536
451000	1.7331	0.4371	0.4201	0.4387	0.4372	0.8653	0.8801	0.8632	0.8659	0.505744	0.501555	0.506555	0.461883
452000	1.7331	0.4370	0.4201	0.4387	0.4372	0.8654	0.8801	0.8632	0.8659	0.505933	0.501775	0.506728	0.462073
453000	1.7330	0.4370	0.4201	0.4387	0.4371	0.8654	0.8801	0.8631	0.8660	0.506058	0.501919	0.506835	0.462219
454000	1.7330	0.4370	0.4201	0.4388	0.4371	0.8654	0.8801	0.8631	0.8660	0.506157	0.502040	0.506922	0.462344
455000	1.7331	0.4370	0.4201	0.4388	0.4372	0.8654	0.8802	0.8631	0.8660	0.506241	0.502141	0.506991	0.462453
456000	1.7329	0.4370	0.4201	0.4387	0.4371	0.8654	0.8802	0.8632	0.8660	0.506298	0.502215	0.507031	0.462531
457000	1.7329	0.4369	0.4201	0.4387	0.4372	0.8654	0.8802	0.8632	0.8660	0.506359	0.502289	0.507075	0.462610
458000	1.7330	0.4370	0.4200	0.4388	0.4372	0.8654	0.8802	0.8631	0.8659	0.506421	0.502364	0.507128	0.462693
459000	1.7330	0.4369	0.4201	0.4388	0.4373	0.8655	0.8802	0.8631	0.8659	0.506472	0.502428	0.507164	0.462766
460000	1.7329	0.4368	0.4201	0.4388	0.4372	0.8655	0.8802	0.8631	0.8659	0.506515	0.502482	0.507197	0.462829
461000	1.7328	0.4367	0.4201	0.4388	0.4372	0.8655	0.8802	0.8631	0.8660	0.506834	0.502814	0.507504	0.463162
462000	1.7326	0.4367	0.4200	0.4388	0.4372	0.8656	0.8802	0.8631	0.8660	0.507006	0.502995	0.507672	0.463362
463000	1.7325	0.4367	0.4200	0.4387	0.4372	0.8656	0.8803	0.8631	0.8660	0.507119	0.503124	0.507791	0.463510
464000	1.7326	0.4366	0.4200	0.4388	0.4372	0.8656	0.8803	0.8631	0.8659	0.507187	0.503204	0.507868	0.463627
465000	1.7326	0.4366	0.4200	0.4388	0.4373	0.8656	0.8803	0.8631	0.8659	0.507240	0.503274	0.507931	0.463720
466000	1.7327	0.4366	0.4200	0.4388	0.4373	0.8657	0.8803	0.8631	0.8659	0.507279	0.503329	0.507973	0.463803
467000	1.7326	0.4366	0.4200	0.4388	0.4373	0.8657	0.8803	0.8631	0.8659	0.507314	0.503385	0.508013	0.463886
468000	1.7326	0.4366	0.4200	0.4388	0.4373	0.8657	0.8803	0.8631	0.8659	0.507338	0.503434	0.508053	0.463964
469000	1.7326	0.4365	0.4199	0.4388	0.4374	0.8657	0.8803	0.8631	0.8659	0.507340	0.503465	0.508071	0.464035
470000	1.7325	0.4365	0.4199	0.4387	0.4374	0.8658	0.8803	0.8631	0.8659	0.507340	0.503507	0.508099	0.464110
471000	1.7325	0.4365	0.4199	0.4387	0.4374	0.8658	0.8804	0.8631	0.8659	0.507648	0.503815	0.508385	0.464456
472000	1.7325	0.4366	0.4199	0.4387	0.4374	0.8657	0.8803	0.8631	0.8659	0.507814	0.503992	0.508546	0.464676
473000	1.7325	0.4366	0.4199	0.4387	0.4374	0.8658	0.8803	0.8631	0.8659	0.507933	0.504104	0.508645	0.464851
474000	1.7325	0.4365	0.4199	0.4386	0.4374	0.8658	0.8803	0.8631	0.8659	0.508034	0.504206	0.508729	0.465013
475000	1.7325	0.4365	0.4199	0.4386	0.4374	0.8658	0.8804	0.8631	0.8659	0.508107	0.504287	0.508787	0.465150
476000	1.7324	0.4364	0.4198	0.4386	0.4375	0.8659	0.8804	0.8631	0.8659	0.508172	0.504362	0.508829	0.465281
477000	1.7322	0.4364	0.4198	0.4385	0.4375	0.8659	0.8804	0.8631	0.8659	0.508237	0.504438	0.508868	0.465405
478000	1.7320	0.4363	0.4198	0.4385	0.4374	0.8659	0.8804	0.8631	0.8659	0.508288	0.504504	0.508905	0.465521
479000	1.7321	0.4363	0.4198	0.4386	0.4374	0.8660	0.8804	0.8631	0.8660	0.508326	0.504557	0.508946	0.465637
480000	1.7321	0.4363	0.4199	0.4386	0.4373	0.8660	0.8803	0.8631	0.8660	0.508379	0.504611	0.508981	0.465753
481000	1.7321	0.4363	0.4198	0.4386	0.4374	0.8660	0.8804	0.8631	0.8660	0.508709	0.504961	0.509274	0.466132
482000	1.7320	0.4363	0.4198	0.4386	0.4374	0.8660	0.8804	0.8631	0.8660	0.508905	0.505174	0.509437	0.466400
483000	1.7320	0.4363	0.4198	0.4386	0.4373	0.8660	0.8804	0.8630	0.8660	0.509050	0.505346	0.509553	0.466625
