Iteration	Avg_Total_Reward	Avg_Reward_User_0	Avg_Reward_User_1	Avg_Reward_User_2	Avg_Reward_User_3	Avg_Reward_User_4	Avg_Reward_User_5	Packet_Loss_Ratio_User_0	Packet_Loss_Ratio_User_1	Packet_Loss_Ratio_User_2	Packet_Loss_Ratio_User_3	Packet_Loss_Ratio_User_4	Packet_Loss_Ratio_User_5	Avg_Loss_User_0	Avg_Loss_User_1	Avg_Loss_User_2	Avg_Loss_User_3	Avg_Loss_User_4	Avg_Loss_User_5
1000	0.9230	0.1480	0.1560	0.1380	0.1670	0.1450	0.1690	0.9540	0.9522	0.9590	0.9482	0.9595	0.9490	0.387807	0.384131	0.401397	0.393583	0.398532	0.391253
2000	1.1050	0.1820	0.2000	0.1660	0.1995	0.1680	0.1895	0.9473	0.9363	0.9493	0.9368	0.9519	0.9448	0.395479	0.400890	0.407320	0.406172	0.416098	0.410025
3000	1.2163	0.1927	0.2173	0.1923	0.2183	0.1947	0.2010	0.9446	0.9293	0.9408	0.9299	0.9441	0.9446	0.396366	0.405837	0.411228	0.410698	0.418579	0.408636
4000	1.3345	0.2092	0.2360	0.2135	0.2397	0.2223	0.2137	0.9382	0.9233	0.9341	0.9228	0.9343	0.9398	0.394717	0.405884	0.410526	0.409846	0.416176	0.405584
5000	1.4034	0.2244	0.2434	0.2310	0.2504	0.2264	0.2278	0.9318	0.9217	0.9280	0.9188	0.9334	0.9339	0.390493	0.401612	0.405738	0.404273	0.409531	0.399204
6000	1.4422	0.2338	0.2485	0.2377	0.2508	0.2315	0.2398	0.9284	0.9199	0.9271	0.9193	0.9331	0.9290	0.385687	0.396722	0.399768	0.398050	0.402605	0.393070
7000	1.4910	0.2419	0.2591	0.2441	0.2584	0.2387	0.2487	0.9263	0.9158	0.9259	0.9168	0.9299	0.9259	0.380368	0.391100	0.393159	0.391470	0.395118	0.386843
8000	1.5308	0.2481	0.2665	0.2521	0.2622	0.2464	0.2554	0.9237	0.9127	0.9223	0.9152	0.9270	0.9234	0.374849	0.384921	0.386551	0.384622	0.387652	0.380624
9000	1.5553	0.2524	0.2711	0.2552	0.2677	0.2516	0.2573	0.9221	0.9112	0.9211	0.9134	0.9245	0.9223	0.369370	0.378711	0.380121	0.378253	0.380594	0.374613
10000	1.5800	0.2585	0.2743	0.2600	0.2708	0.2551	0.2613	0.9202	0.9103	0.9193	0.9120	0.9230	0.9207	0.364019	0.372457	0.373858	0.371964	0.373889	0.368696
11000	1.5878	0.2631	0.2718	0.2589	0.2715	0.2577	0.2647	0.9180	0.9109	0.9192	0.9115	0.9214	0.9188	0.372784	0.382286	0.387171	0.382140	0.383309	0.377464
12000	1.6068	0.2664	0.2738	0.2633	0.2742	0.2607	0.2683	0.9163	0.9101	0.9172	0.9105	0.9199	0.9173	0.370869	0.379186	0.382480	0.379130	0.379823	0.374080
13000	1.6236	0.2693	0.2758	0.2661	0.2778	0.2639	0.2706	0.9152	0.9095	0.9161	0.9093	0.9184	0.9161	0.368138	0.375101	0.377743	0.375583	0.375974	0.370321
14000	1.6409	0.2725	0.2773	0.2687	0.2806	0.2674	0.2744	0.9137	0.9089	0.9151	0.9083	0.9167	0.9143	0.365207	0.370931	0.373253	0.371838	0.372157	0.366699
15000	1.6524	0.2733	0.2781	0.2713	0.2820	0.2709	0.2767	0.9132	0.9086	0.9142	0.9076	0.9152	0.9134	0.362100	0.366756	0.368790	0.368127	0.368339	0.363144
16000	1.6624	0.2733	0.2792	0.2744	0.2843	0.2726	0.2786	0.9131	0.9079	0.9128	0.9068	0.9144	0.9124	0.359249	0.363066	0.364883	0.364756	0.364877	0.359966
17000	1.6724	0.2746	0.2807	0.2751	0.2854	0.2750	0.2815	0.9128	0.9074	0.9125	0.9063	0.9133	0.9112	0.356520	0.359576	0.361181	0.361398	0.361539	0.357012
18000	1.6802	0.2756	0.2834	0.2748	0.2868	0.2771	0.2826	0.9123	0.9065	0.9126	0.9058	0.9124	0.9107	0.353976	0.356338	0.357756	0.358323	0.358401	0.354188
19000	1.6872	0.2771	0.2847	0.2755	0.2882	0.2788	0.2829	0.9118	0.9062	0.9124	0.9053	0.9116	0.9103	0.351467	0.353198	0.354428	0.355350	0.355389	0.351509
20000	1.6939	0.2782	0.2862	0.2774	0.2890	0.2798	0.2833	0.9114	0.9056	0.9117	0.9049	0.9110	0.9099	0.349063	0.350099	0.351237	0.352538	0.352500	0.348905
21000	1.6955	0.2799	0.2862	0.2780	0.2882	0.2804	0.2827	0.9107	0.9057	0.9113	0.9049	0.9105	0.9101	0.354068	0.355513	0.354958	0.354523	0.354559	0.352401
22000	1.6998	0.2810	0.2876	0.2787	0.2881	0.2818	0.2825	0.9102	0.9051	0.9110	0.9050	0.9098	0.9100	0.355521	0.354263	0.352317	0.353997	0.354437	0.353256
23000	1.7053	0.2819	0.2886	0.2806	0.2884	0.2827	0.2831	0.9102	0.9048	0.9103	0.9048	0.9094	0.9097	0.356451	0.352548	0.349510	0.353275	0.354090	0.353688
24000	1.7103	0.2832	0.2888	0.2815	0.2890	0.2846	0.2831	0.9100	0.9047	0.9099	0.9047	0.9087	0.9097	0.356918	0.350614	0.346738	0.352423	0.353503	0.353802
25000	1.7167	0.2845	0.2895	0.2832	0.2900	0.2850	0.2845	0.9095	0.9045	0.9093	0.9042	0.9085	0.9089	0.357266	0.348717	0.344160	0.351564	0.352905	0.353796
26000	1.7224	0.2851	0.2892	0.2843	0.2906	0.2866	0.2866	0.9092	0.9044	0.9086	0.9040	0.9078	0.9081	0.357713	0.347126	0.341925	0.350916	0.352516	0.353931
27000	1.7267	0.2847	0.2899	0.2851	0.2920	0.2873	0.2877	0.9094	0.9042	0.9082	0.9036	0.9073	0.9076	0.358071	0.345513	0.339769	0.350317	0.352106	0.353959
28000	1.7297	0.2853	0.2900	0.2865	0.2923	0.2877	0.2879	0.9091	0.9042	0.9077	0.9034	0.9072	0.9075	0.358459	0.344005	0.337814	0.349745	0.351718	0.354012
29000	1.7316	0.2845	0.2904	0.2875	0.2925	0.2885	0.2882	0.9093	0.9043	0.9073	0.9033	0.9068	0.9072	0.358761	0.342656	0.336018	0.349204	0.351384	0.354057
30000	1.7344	0.2844	0.2903	0.2885	0.2931	0.2894	0.2887	0.9092	0.9042	0.9069	0.9031	0.9064	0.9069	0.359040	0.341454	0.334393	0.348764	0.351080	0.354068
31000	1.7369	0.2853	0.2902	0.2885	0.2932	0.2908	0.2890	0.9088	0.9043	0.9068	0.9031	0.9059	0.9067	0.361271	0.343708	0.335517	0.349172	0.352354	0.356264
32000	1.7409	0.2863	0.2906	0.2894	0.2938	0.2915	0.2894	0.9084	0.9041	0.9064	0.9027	0.9055	0.9065	0.362651	0.344162	0.334347	0.348564	0.352821	0.357573
33000	1.7436	0.2870	0.2911	0.2900	0.2935	0.2923	0.2897	0.9081	0.9039	0.9062	0.9028	0.9051	0.9063	0.363870	0.344499	0.333097	0.347839	0.353164	0.358731
34000	1.7451	0.2874	0.2911	0.2903	0.2936	0.2924	0.2903	0.9080	0.9038	0.9060	0.9028	0.9051	0.9061	0.365047	0.344808	0.331931	0.347165	0.353489	0.359785
35000	1.7460	0.2887	0.2908	0.2902	0.2927	0.2924	0.2912	0.9075	0.9039	0.9059	0.9030	0.9051	0.9057	0.366058	0.345015	0.330757	0.346467	0.353755	0.360675
36000	1.7484	0.2894	0.2913	0.2909	0.2929	0.2925	0.2913	0.9071	0.9037	0.9056	0.9029	0.9050	0.9056	0.366952	0.345192	0.329607	0.345762	0.353921	0.361475
37000	1.7507	0.2904	0.2912	0.2908	0.2929	0.2929	0.2924	0.9067	0.9037	0.9056	0.9029	0.9048	0.9051	0.367701	0.345262	0.328484	0.345076	0.354028	0.362118
38000	1.7526	0.2914	0.2916	0.2908	0.2928	0.2937	0.2924	0.9063	0.9035	0.9055	0.9029	0.9046	0.9051	0.368451	0.345360	0.327417	0.344406	0.354176	0.362748
39000	1.7536	0.2913	0.2918	0.2912	0.2932	0.2936	0.2923	0.9062	0.9034	0.9053	0.9029	0.9046	0.9051	0.369075	0.345386	0.326370	0.343723	0.354255	0.363279
40000	1.7563	0.2915	0.2926	0.2915	0.2935	0.2945	0.2928	0.9061	0.9031	0.9052	0.9028	0.9042	0.9048	0.369747	0.345458	0.325447	0.343160	0.354440	0.363863
41000	1.7575	0.2911	0.2925	0.2923	0.2938	0.2948	0.2930	0.9062	0.9031	0.9048	0.9027	0.9041	0.9047	0.371652	0.346211	0.327502	0.344479	0.355793	0.365883
42000	1.7600	0.2914	0.2931	0.2928	0.2940	0.2955	0.2932	0.9061	0.9030	0.9046	0.9027	0.9037	0.9046	0.372976	0.346078	0.328417	0.345109	0.356172	0.367042
43000	1.7613	0.2917	0.2938	0.2929	0.2939	0.2958	0.2932	0.9059	0.9027	0.9045	0.9028	0.9036	0.9046	0.374132	0.345905	0.329179	0.345647	0.356473	0.368066
44000	1.7619	0.2916	0.2942	0.2926	0.2940	0.2963	0.2933	0.9058	0.9026	0.9046	0.9029	0.9034	0.9045	0.375272	0.345687	0.329930	0.346152	0.356718	0.369011
45000	1.7634	0.2917	0.2943	0.2930	0.2944	0.2960	0.2940	0.9057	0.9025	0.9043	0.9028	0.9034	0.9042	0.376287	0.345435	0.330591	0.346602	0.356915	0.369872
46000	1.7646	0.2919	0.2941	0.2937	0.2947	0.2964	0.2938	0.9056	0.9025	0.9042	0.9028	0.9032	0.9042	0.377201	0.345155	0.331153	0.346961	0.357028	0.370618
47000	1.7648	0.2923	0.2949	0.2937	0.2943	0.2962	0.2933	0.9055	0.9022	0.9042	0.9030	0.9033	0.9044	0.378078	0.344803	0.331618	0.347252	0.357095	0.371300
48000	1.7640	0.2918	0.2949	0.2937	0.2947	0.2958	0.2932	0.9058	0.9022	0.9043	0.9030	0.9035	0.9044	0.378957	0.344551	0.332211	0.347658	0.357271	0.372060
49000	1.7662	0.2924	0.2950	0.2939	0.2953	0.2959	0.2936	0.9055	0.9022	0.9044	0.9029	0.9034	0.9042	0.379767	0.344214	0.332706	0.348016	0.357423	0.372732
50000	1.7669	0.2922	0.2955	0.2940	0.2952	0.2959	0.2942	0.9055	0.9020	0.9044	0.9030	0.9033	0.9039	0.380511	0.343924	0.333190	0.348348	0.357534	0.373345
51000	1.7671	0.2925	0.2956	0.2940	0.2948	0.2960	0.2942	0.9054	0.9020	0.9044	0.9033	0.9032	0.9039	0.382186	0.345420	0.334791	0.349764	0.358744	0.374984
52000	1.7669	0.2928	0.2955	0.2941	0.2939	0.2960	0.2946	0.9052	0.9020	0.9043	0.9037	0.9032	0.9038	0.383278	0.346074	0.335534	0.350565	0.359269	0.375754
53000	1.7662	0.2926	0.2958	0.2935	0.2935	0.2963	0.2945	0.9053	0.9019	0.9044	0.9043	0.9031	0.9038	0.384241	0.346629	0.336235	0.351317	0.359747	0.376480
54000	1.7669	0.2927	0.2957	0.2936	0.2933	0.2967	0.2949	0.9052	0.9019	0.9043	0.9047	0.9029	0.9037	0.385021	0.347049	0.336801	0.351951	0.360091	0.377073
55000	1.7669	0.2927	0.2959	0.2940	0.2927	0.2969	0.2947	0.9052	0.9019	0.9043	0.9052	0.9028	0.9037	0.385812	0.347515	0.337400	0.352602	0.360447	0.377692
56000	1.7661	0.2924	0.2956	0.2942	0.2918	0.2968	0.2952	0.9054	0.9019	0.9042	0.9058	0.9029	0.9035	0.386520	0.347902	0.337938	0.353192	0.360743	0.378238
57000	1.7664	0.2923	0.2955	0.2944	0.2917	0.2971	0.2954	0.9054	0.9020	0.9042	0.9059	0.9028	0.9035	0.387194	0.348324	0.338471	0.353744	0.361014	0.378733
58000	1.7666	0.2922	0.2958	0.2943	0.2915	0.2970	0.2957	0.9054	0.9019	0.9041	0.9061	0.9028	0.9034	0.387852	0.348682	0.338964	0.354288	0.361289	0.379248
59000	1.7673	0.2926	0.2960	0.2944	0.2913	0.2970	0.2959	0.9052	0.9018	0.9041	0.9063	0.9028	0.9033	0.388467	0.349000	0.339411	0.354765	0.361520	0.379706
60000	1.7677	0.2931	0.2964	0.2943	0.2914	0.2967	0.2958	0.9050	0.9017	0.9041	0.9064	0.9029	0.9033	0.388976	0.349278	0.339785	0.355185	0.361669	0.380088
61000	1.7694	0.2935	0.2967	0.2948	0.2918	0.2968	0.2959	0.9048	0.9016	0.9039	0.9062	0.9028	0.9032	0.390290	0.350523	0.341004	0.356273	0.362663	0.381414
62000	1.7690	0.2938	0.2965	0.2944	0.2915	0.2969	0.2959	0.9047	0.9017	0.9040	0.9064	0.9028	0.9033	0.391115	0.351231	0.341576	0.356803	0.363168	0.382108
63000	1.7696	0.2942	0.2966	0.2941	0.2917	0.2972	0.2958	0.9045	0.9017	0.9042	0.9065	0.9027	0.9033	0.391761	0.351830	0.342064	0.357221	0.363531	0.382614
64000	1.7695	0.2945	0.2968	0.2941	0.2913	0.2972	0.2957	0.9044	0.9016	0.9041	0.9068	0.9026	0.9034	0.392335	0.352359	0.342461	0.357580	0.363847	0.383080
65000	1.7708	0.2947	0.2968	0.2945	0.2915	0.2972	0.2960	0.9043	0.9016	0.9040	0.9066	0.9026	0.9033	0.392784	0.352799	0.342801	0.357849	0.364090	0.383434
66000	1.7716	0.2946	0.2971	0.2944	0.2916	0.2973	0.2966	0.9043	0.9015	0.9039	0.9067	0.9026	0.9031	0.393301	0.353308	0.343181	0.358168	0.364380	0.383842
67000	1.7723	0.2946	0.2971	0.2947	0.2917	0.2974	0.2967	0.9042	0.9015	0.9038	0.9066	0.9025	0.9030	0.393712	0.353769	0.343485	0.358424	0.364577	0.384126
68000	1.7733	0.2948	0.2976	0.2949	0.2916	0.2975	0.2969	0.9042	0.9013	0.9037	0.9067	0.9024	0.9029	0.394105	0.354210	0.343788	0.358661	0.364755	0.384387
69000	1.7733	0.2949	0.2977	0.2949	0.2916	0.2975	0.2968	0.9042	0.9013	0.9036	0.9068	0.9024	0.9029	0.394476	0.354638	0.344092	0.358900	0.364947	0.384643
70000	1.7737	0.2952	0.2977	0.2948	0.2914	0.2977	0.2969	0.9040	0.9014	0.9036	0.9068	0.9022	0.9029	0.394813	0.355038	0.344361	0.359118	0.365098	0.384854
71000	1.7750	0.2956	0.2981	0.2952	0.2911	0.2979	0.2971	0.9039	0.9012	0.9035	0.9071	0.9022	0.9028	0.395834	0.356134	0.345473	0.360075	0.365826	0.385684
72000	1.7750	0.2957	0.2982	0.2953	0.2911	0.2979	0.2969	0.9038	0.9012	0.9035	0.9072	0.9021	0.9030	0.396370	0.356667	0.346095	0.360583	0.366183	0.386101
73000	1.7748	0.2958	0.2981	0.2955	0.2906	0.2980	0.2967	0.9038	0.9012	0.9034	0.9077	0.9021	0.9030	0.396841	0.357165	0.346678	0.361045	0.366482	0.386445
74000	1.7753	0.2962	0.2983	0.2959	0.2902	0.2978	0.2969	0.9037	0.9011	0.9033	0.9080	0.9021	0.9030	0.397255	0.357613	0.347209	0.361457	0.366745	0.386765
75000	1.7763	0.2963	0.2986	0.2961	0.2903	0.2980	0.2970	0.9036	0.9010	0.9032	0.9081	0.9020	0.9029	0.397614	0.358013	0.347663	0.361812	0.366966	0.387031
76000	1.7760	0.2968	0.2986	0.2957	0.2898	0.2980	0.2972	0.9035	0.9010	0.9033	0.9085	0.9020	0.9029	0.397960	0.358429	0.348156	0.362184	0.367219	0.387319
77000	1.7762	0.2969	0.2987	0.2959	0.2897	0.2981	0.2970	0.9034	0.9010	0.9033	0.9087	0.9020	0.9029	0.398259	0.358831	0.348619	0.362537	0.367436	0.387561
78000	1.7772	0.2968	0.2991	0.2961	0.2894	0.2985	0.2973	0.9035	0.9009	0.9032	0.9089	0.9018	0.9028	0.398599	0.359267	0.349130	0.362946	0.367715	0.387849
79000	1.7772	0.2969	0.2987	0.2960	0.2895	0.2987	0.2975	0.9034	0.9010	0.9033	0.9090	0.9018	0.9028	0.398846	0.359623	0.349545	0.363262	0.367902	0.388044
80000	1.7778	0.2972	0.2991	0.2960	0.2892	0.2986	0.2977	0.9032	0.9008	0.9032	0.9091	0.9018	0.9027	0.399134	0.360041	0.350020	0.363624	0.368162	0.388304
81000	1.7776	0.2972	0.2991	0.2962	0.2888	0.2986	0.2977	0.9032	0.9008	0.9032	0.9093	0.9017	0.9028	0.400249	0.360751	0.351316	0.364761	0.369163	0.389281
82000	1.7778	0.2976	0.2992	0.2964	0.2885	0.2986	0.2975	0.9031	0.9008	0.9031	0.9096	0.9017	0.9030	0.400936	0.361005	0.352226	0.365452	0.369803	0.389799
83000	1.7767	0.2973	0.2990	0.2964	0.2882	0.2987	0.2970	0.9032	0.9008	0.9031	0.9098	0.9016	0.9035	0.401551	0.361224	0.353058	0.366093	0.370368	0.390275
84000	1.7763	0.2973	0.2990	0.2963	0.2883	0.2990	0.2964	0.9032	0.9008	0.9031	0.9098	0.9015	0.9039	0.402131	0.361405	0.353859	0.366695	0.370918	0.390722
85000	1.7755	0.2973	0.2991	0.2961	0.2882	0.2988	0.2960	0.9032	0.9008	0.9033	0.9100	0.9016	0.9043	0.402659	0.361540	0.354572	0.367244	0.371405	0.391100
86000	1.7750	0.2975	0.2990	0.2961	0.2881	0.2989	0.2954	0.9031	0.9008	0.9033	0.9101	0.9016	0.9048	0.403222	0.361713	0.355316	0.367813	0.371936	0.391520
87000	1.7745	0.2974	0.2992	0.2959	0.2880	0.2989	0.2951	0.9031	0.9007	0.9035	0.9102	0.9016	0.9051	0.403749	0.361862	0.356001	0.368326	0.372440	0.391937
88000	1.7736	0.2974	0.2991	0.2958	0.2879	0.2989	0.2945	0.9031	0.9007	0.9036	0.9103	0.9016	0.9055	0.404218	0.361983	0.356613	0.368792	0.372900	0.392291
89000	1.7735	0.2973	0.2992	0.2957	0.2878	0.2993	0.2942	0.9032	0.9007	0.9037	0.9104	0.9014	0.9058	0.404737	0.362125	0.357264	0.369274	0.373381	0.392679
90000	1.7737	0.2975	0.2992	0.2959	0.2878	0.2993	0.2940	0.9031	0.9007	0.9037	0.9105	0.9014	0.9060	0.405198	0.362228	0.357831	0.369704	0.373792	0.393006
91000	1.7737	0.2975	0.2993	0.2960	0.2881	0.2994	0.2933	0.9031	0.9007	0.9037	0.9104	0.9014	0.9065	0.406263	0.363019	0.359085	0.370300	0.374693	0.393654
92000	1.7737	0.2976	0.2994	0.2958	0.2884	0.2995	0.2930	0.9031	0.9007	0.9038	0.9103	0.9013	0.9068	0.407050	0.363436	0.360016	0.370525	0.375300	0.393886
93000	1.7737	0.2981	0.2991	0.2958	0.2884	0.2996	0.2927	0.9029	0.9008	0.9039	0.9103	0.9013	0.9071	0.407766	0.363811	0.360859	0.370678	0.375846	0.394090
94000	1.7734	0.2981	0.2989	0.2959	0.2886	0.2997	0.2922	0.9029	0.9008	0.9040	0.9103	0.9012	0.9075	0.408440	0.364156	0.361678	0.370803	0.376354	0.394245
95000	1.7734	0.2984	0.2989	0.2958	0.2886	0.2999	0.2918	0.9028	0.9008	0.9040	0.9103	0.9011	0.9079	0.409090	0.364463	0.362427	0.370885	0.376813	0.394380
96000	1.7734	0.2984	0.2988	0.2960	0.2888	0.2999	0.2915	0.9028	0.9008	0.9040	0.9102	0.9011	0.9081	0.409702	0.364716	0.363139	0.370914	0.377258	0.394493
97000	1.7726	0.2981	0.2988	0.2959	0.2888	0.2997	0.2914	0.9030	0.9008	0.9041	0.9103	0.9012	0.9084	0.410311	0.364973	0.363822	0.370924	0.377696	0.394587
98000	1.7719	0.2979	0.2991	0.2955	0.2886	0.2996	0.2911	0.9030	0.9008	0.9042	0.9103	0.9012	0.9087	0.410902	0.365200	0.364439	0.370887	0.378126	0.394686
99000	1.7719	0.2980	0.2991	0.2956	0.2886	0.2996	0.2909	0.9031	0.9007	0.9042	0.9103	0.9012	0.9089	0.411455	0.365406	0.365026	0.370840	0.378505	0.394750
100000	1.7717	0.2982	0.2991	0.2954	0.2887	0.2997	0.2907	0.9030	0.9007	0.9043	0.9103	0.9011	0.9093	0.412033	0.365603	0.365627	0.370795	0.378889	0.394856
101000	1.7712	0.2982	0.2989	0.2952	0.2887	0.2999	0.2904	0.9031	0.9008	0.9043	0.9102	0.9011	0.9096	0.413316	0.366430	0.367124	0.371298	0.379994	0.395619
102000	1.7706	0.2980	0.2990	0.2951	0.2886	0.2999	0.2900	0.9031	0.9008	0.9044	0.9102	0.9011	0.9100	0.414235	0.366924	0.368276	0.371342	0.380737	0.395907
103000	1.7707	0.2982	0.2988	0.2953	0.2886	0.3000	0.2898	0.9031	0.9008	0.9043	0.9102	0.9010	0.9103	0.415106	0.367372	0.369361	0.371339	0.381421	0.396157
104000	1.7706	0.2982	0.2985	0.2955	0.2886	0.3001	0.2897	0.9031	0.9009	0.9042	0.9101	0.9010	0.9105	0.415916	0.367772	0.370392	0.371320	0.382051	0.396380
105000	1.7713	0.2984	0.2988	0.2955	0.2886	0.3004	0.2897	0.9031	0.9008	0.9042	0.9101	0.9009	0.9107	0.416708	0.368177	0.371407	0.371278	0.382675	0.396562
106000	1.7710	0.2983	0.2989	0.2955	0.2886	0.3004	0.2893	0.9031	0.9008	0.9042	0.9101	0.9008	0.9111	0.417409	0.368512	0.372388	0.371228	0.383248	0.396701
107000	1.7716	0.2984	0.2990	0.2955	0.2887	0.3006	0.2895	0.9032	0.9008	0.9042	0.9100	0.9008	0.9111	0.418123	0.368823	0.373331	0.371162	0.383789	0.396837
108000	1.7713	0.2984	0.2990	0.2954	0.2887	0.3005	0.2894	0.9032	0.9008	0.9041	0.9100	0.9008	0.9113	0.418843	0.369185	0.374300	0.371142	0.384359	0.396990
109000	1.7714	0.2984	0.2989	0.2956	0.2889	0.3005	0.2891	0.9032	0.9008	0.9040	0.9099	0.9007	0.9117	0.419495	0.369502	0.375189	0.371044	0.384866	0.397083
110000	1.7715	0.2985	0.2988	0.2957	0.2889	0.3006	0.2889	0.9032	0.9008	0.9040	0.9099	0.9007	0.9119	0.420205	0.369844	0.376123	0.370993	0.385414	0.397237
111000	1.7713	0.2985	0.2990	0.2956	0.2892	0.3005	0.2885	0.9033	0.9007	0.9040	0.9097	0.9007	0.9122	0.421596	0.370721	0.377510	0.371184	0.386510	0.397936
112000	1.7712	0.2985	0.2990	0.2957	0.2893	0.3004	0.2883	0.9033	0.9007	0.9039	0.9097	0.9007	0.9125	0.422673	0.371293	0.378581	0.370992	0.387325	0.398256
113000	1.7716	0.2986	0.2990	0.2958	0.2893	0.3005	0.2883	0.9033	0.9007	0.9039	0.9096	0.9007	0.9126	0.423618	0.371779	0.379545	0.370753	0.388046	0.398454
114000	1.7715	0.2986	0.2990	0.2959	0.2893	0.3003	0.2884	0.9033	0.9007	0.9039	0.9096	0.9007	0.9126	0.424512	0.372194	0.380469	0.370498	0.388694	0.398599
115000	1.7717	0.2985	0.2991	0.2958	0.2895	0.3006	0.2882	0.9033	0.9007	0.9039	0.9096	0.9006	0.9128	0.425354	0.372571	0.381320	0.370212	0.389316	0.398700
116000	1.7708	0.2983	0.2989	0.2958	0.2895	0.3003	0.2880	0.9034	0.9007	0.9039	0.9096	0.9007	0.9131	0.426129	0.372910	0.382114	0.369939	0.389884	0.398761
117000	1.7705	0.2981	0.2990	0.2957	0.2895	0.3003	0.2878	0.9035	0.9007	0.9039	0.9096	0.9007	0.9133	0.426869	0.373251	0.382907	0.369664	0.390463	0.398835
118000	1.7700	0.2979	0.2990	0.2956	0.2896	0.3002	0.2877	0.9036	0.9007	0.9039	0.9096	0.9007	0.9135	0.427537	0.373532	0.383640	0.369354	0.390954	0.398829
119000	1.7695	0.2979	0.2991	0.2955	0.2895	0.3002	0.2873	0.9036	0.9007	0.9040	0.9097	0.9007	0.9138	0.428163	0.373778	0.384339	0.369032	0.391409	0.398795
120000	1.7692	0.2980	0.2992	0.2955	0.2893	0.3000	0.2872	0.9036	0.9006	0.9040	0.9098	0.9008	0.9140	0.428745	0.373986	0.384968	0.368689	0.391807	0.398733
121000	1.7688	0.2980	0.2992	0.2952	0.2894	0.2999	0.2870	0.9037	0.9006	0.9041	0.9097	0.9008	0.9142	0.429868	0.374794	0.386327	0.368984	0.392758	0.399354
122000	1.7681	0.2980	0.2990	0.2950	0.2894	0.3000	0.2868	0.9037	0.9007	0.9041	0.9097	0.9008	0.9144	0.430682	0.375317	0.387399	0.369014	0.393473	0.399682
123000	1.7674	0.2977	0.2990	0.2949	0.2894	0.3000	0.2866	0.9039	0.9007	0.9042	0.9097	0.9008	0.9145	0.431398	0.375787	0.388413	0.368993	0.394115	0.399927
124000	1.7667	0.2974	0.2990	0.2948	0.2893	0.2998	0.2864	0.9041	0.9007	0.9042	0.9097	0.9008	0.9147	0.431993	0.376155	0.389314	0.368927	0.394649	0.400080
125000	1.7664	0.2973	0.2989	0.2948	0.2893	0.2998	0.2862	0.9042	0.9007	0.9043	0.9096	0.9008	0.9150	0.432596	0.376516	0.390231	0.368859	0.395191	0.400243
126000	1.7659	0.2970	0.2989	0.2948	0.2895	0.2998	0.2860	0.9043	0.9007	0.9043	0.9095	0.9008	0.9152	0.433190	0.376888	0.391139	0.368786	0.395728	0.400379
127000	1.7659	0.2970	0.2990	0.2946	0.2895	0.2999	0.2860	0.9044	0.9007	0.9044	0.9096	0.9008	0.9153	0.433719	0.377196	0.391965	0.368693	0.396228	0.400493
128000	1.7656	0.2969	0.2991	0.2944	0.2895	0.2999	0.2858	0.9044	0.9007	0.9045	0.9095	0.9008	0.9155	0.434240	0.377479	0.392774	0.368570	0.396735	0.400614
129000	1.7656	0.2971	0.2992	0.2942	0.2897	0.3000	0.2854	0.9044	0.9006	0.9047	0.9095	0.9007	0.9157	0.434704	0.377737	0.393546	0.368425	0.397181	0.400698
130000	1.7654	0.2971	0.2991	0.2941	0.2896	0.3000	0.2853	0.9044	0.9006	0.9047	0.9095	0.9007	0.9159	0.435128	0.377953	0.394259	0.368248	0.397585	0.400753
131000	1.7653	0.2970	0.2990	0.2940	0.2899	0.3001	0.2852	0.9045	0.9007	0.9048	0.9094	0.9007	0.9160	0.435984	0.378794	0.395462	0.368455	0.398524	0.401393
132000	1.7657	0.2970	0.2991	0.2944	0.2897	0.3001	0.2855	0.9045	0.9007	0.9047	0.9095	0.9007	0.9159	0.436610	0.379348	0.396429	0.368363	0.399251	0.401739
133000	1.7654	0.2969	0.2991	0.2943	0.2896	0.3000	0.2854	0.9046	0.9007	0.9047	0.9095	0.9008	0.9160	0.437187	0.379847	0.397355	0.368256	0.399922	0.402024
134000	1.7651	0.2969	0.2992	0.2941	0.2896	0.3000	0.2854	0.9047	0.9007	0.9048	0.9096	0.9007	0.9161	0.437685	0.380277	0.398209	0.368101	0.400521	0.402246
135000	1.7649	0.2970	0.2992	0.2942	0.2895	0.2999	0.2852	0.9047	0.9006	0.9048	0.9097	0.9008	0.9162	0.438116	0.380663	0.398988	0.367917	0.401054	0.402425
136000	1.7645	0.2969	0.2992	0.2942	0.2893	0.2998	0.2852	0.9047	0.9007	0.9048	0.9098	0.9008	0.9163	0.438527	0.381034	0.399777	0.367725	0.401589	0.402601
137000	1.7646	0.2970	0.2991	0.2942	0.2894	0.2998	0.2852	0.9047	0.9007	0.9048	0.9098	0.9008	0.9163	0.438924	0.381402	0.400538	0.367528	0.402121	0.402767
138000	1.7639	0.2969	0.2989	0.2941	0.2891	0.2997	0.2852	0.9048	0.9008	0.9048	0.9099	0.9008	0.9163	0.439275	0.381702	0.401243	0.367299	0.402598	0.402889
139000	1.7637	0.2970	0.2988	0.2941	0.2890	0.2995	0.2853	0.9048	0.9008	0.9049	0.9099	0.9011	0.9162	0.439621	0.381998	0.401937	0.367073	0.403064	0.403006
140000	1.7632	0.2968	0.2989	0.2940	0.2890	0.2993	0.2851	0.9048	0.9007	0.9049	0.9099	0.9013	0.9163	0.440006	0.382315	0.402629	0.366864	0.403548	0.403158
141000	1.7630	0.2968	0.2990	0.2939	0.2890	0.2992	0.2851	0.9049	0.9007	0.9050	0.9099	0.9015	0.9163	0.440899	0.383014	0.403769	0.367130	0.404415	0.403747
142000	1.7625	0.2966	0.2991	0.2937	0.2890	0.2989	0.2852	0.9050	0.9007	0.9051	0.9099	0.9018	0.9162	0.441547	0.383469	0.404675	0.367164	0.405070	0.404058
143000	1.7625	0.2967	0.2991	0.2937	0.2890	0.2987	0.2852	0.9049	0.9007	0.9052	0.9099	0.9020	0.9162	0.442118	0.383861	0.405519	0.367146	0.405678	0.404301
144000	1.7624	0.2967	0.2992	0.2936	0.2891	0.2986	0.2852	0.9050	0.9007	0.9053	0.9098	0.9022	0.9161	0.442691	0.384236	0.406336	0.367128	0.406285	0.404542
145000	1.7622	0.2967	0.2991	0.2936	0.2891	0.2984	0.2854	0.9050	0.9007	0.9054	0.9098	0.9025	0.9160	0.443258	0.384609	0.407161	0.367130	0.406889	0.404770
146000	1.7621	0.2967	0.2991	0.2935	0.2892	0.2980	0.2856	0.9050	0.9007	0.9054	0.9098	0.9028	0.9159	0.443797	0.384952	0.407942	0.367109	0.407472	0.404971
147000	1.7619	0.2966	0.2991	0.2934	0.2892	0.2979	0.2856	0.9050	0.9006	0.9055	0.9098	0.9030	0.9159	0.444282	0.385242	0.408656	0.367047	0.407992	0.405111
148000	1.7619	0.2966	0.2991	0.2934	0.2893	0.2977	0.2857	0.9050	0.9007	0.9056	0.9098	0.9032	0.9158	0.444820	0.385555	0.409376	0.367012	0.408544	0.405291
149000	1.7616	0.2967	0.2991	0.2934	0.2891	0.2975	0.2857	0.9050	0.9007	0.9056	0.9098	0.9034	0.9158	0.445373	0.385879	0.410095	0.366970	0.409098	0.405436
150000	1.7612	0.2967	0.2991	0.2934	0.2891	0.2973	0.2857	0.9049	0.9007	0.9057	0.9098	0.9037	0.9157	0.445914	0.386154	0.410740	0.366881	0.409595	0.405544
151000	1.7615	0.2969	0.2993	0.2934	0.2890	0.2971	0.2858	0.9049	0.9006	0.9057	0.9099	0.9039	0.9157	0.446986	0.386987	0.411829	0.367248	0.410553	0.406082
152000	1.7614	0.2969	0.2994	0.2934	0.2889	0.2970	0.2858	0.9049	0.9005	0.9057	0.9099	0.9041	0.9156	0.447708	0.387523	0.412643	0.367336	0.411201	0.406275
153000	1.7614	0.2970	0.2995	0.2933	0.2889	0.2968	0.2859	0.9048	0.9005	0.9059	0.9099	0.9043	0.9156	0.448381	0.388028	0.413395	0.367394	0.411806	0.406426
154000	1.7611	0.2969	0.2997	0.2932	0.2889	0.2966	0.2859	0.9049	0.9005	0.9059	0.9099	0.9045	0.9156	0.449012	0.388521	0.414084	0.367432	0.412374	0.406532
155000	1.7614	0.2971	0.2997	0.2933	0.2889	0.2964	0.2860	0.9048	0.9005	0.9060	0.9099	0.9048	0.9155	0.449646	0.388998	0.414764	0.367478	0.412945	0.406613
156000	1.7613	0.2971	0.2998	0.2931	0.2890	0.2961	0.2862	0.9048	0.9004	0.9060	0.9098	0.9050	0.9154	0.450276	0.389465	0.415452	0.367519	0.413491	0.406669
157000	1.7614	0.2972	0.2998	0.2930	0.2892	0.2959	0.2863	0.9048	0.9004	0.9061	0.9097	0.9051	0.9153	0.450844	0.389875	0.416073	0.367522	0.414001	0.406689
158000	1.7612	0.2972	0.2998	0.2930	0.2892	0.2958	0.2863	0.9048	0.9004	0.9062	0.9097	0.9053	0.9153	0.451382	0.390266	0.416663	0.367499	0.414490	0.406677
159000	1.7610	0.2972	0.2997	0.2930	0.2890	0.2956	0.2864	0.9048	0.9004	0.9062	0.9098	0.9055	0.9152	0.451921	0.390675	0.417269	0.367502	0.415005	0.406678
160000	1.7609	0.2971	0.2997	0.2930	0.2892	0.2954	0.2864	0.9048	0.9004	0.9063	0.9097	0.9056	0.9152	0.452441	0.391058	0.417848	0.367474	0.415482	0.406663
161000	1.7605	0.2971	0.2996	0.2929	0.2891	0.2952	0.2866	0.9048	0.9005	0.9064	0.9097	0.9059	0.9151	0.453419	0.391717	0.418829	0.367856	0.416314	0.407149
162000	1.7604	0.2971	0.2997	0.2929	0.2890	0.2952	0.2866	0.9048	0.9004	0.9064	0.9098	0.9060	0.9151	0.454090	0.392142	0.419583	0.367995	0.416885	0.407381
163000	1.7605	0.2970	0.2997	0.2928	0.2890	0.2952	0.2868	0.9048	0.9004	0.9065	0.9098	0.9061	0.9150	0.454688	0.392502	0.420242	0.368089	0.417374	0.407540
164000	1.7608	0.2971	0.2997	0.2928	0.2890	0.2954	0.2869	0.9048	0.9005	0.9065	0.9098	0.9061	0.9150	0.455243	0.392826	0.420864	0.368150	0.417829	0.407656
165000	1.7611	0.2971	0.2998	0.2929	0.2889	0.2954	0.2870	0.9048	0.9004	0.9065	0.9098	0.9061	0.9149	0.455757	0.393092	0.421437	0.368199	0.418250	0.407739
166000	1.7610	0.2970	0.2998	0.2928	0.2890	0.2954	0.2870	0.9049	0.9004	0.9066	0.9098	0.9061	0.9149	0.456224	0.393323	0.421975	0.368215	0.418639	0.407799
167000	1.7612	0.2972	0.2999	0.2928	0.2889	0.2953	0.2870	0.9048	0.9004	0.9066	0.9098	0.9062	0.9149	0.456650	0.393528	0.422485	0.368215	0.419007	0.407834
168000	1.7611	0.2971	0.2999	0.2928	0.2890	0.2953	0.2871	0.9049	0.9004	0.9066	0.9098	0.9062	0.9148	0.457080	0.393730	0.422994	0.368214	0.419360	0.407880
169000	1.7609	0.2971	0.2998	0.2929	0.2889	0.2952	0.2870	0.9049	0.9004	0.9066	0.9098	0.9063	0.9148	0.457475	0.393908	0.423474	0.368194	0.419674	0.407898
170000	1.7610	0.2971	0.2998	0.2928	0.2889	0.2951	0.2872	0.9049	0.9004	0.9067	0.9097	0.9064	0.9147	0.457854	0.394087	0.423955	0.368183	0.420007	0.407917
171000	1.7609	0.2972	0.2999	0.2927	0.2888	0.2950	0.2873	0.9049	0.9004	0.9067	0.9098	0.9065	0.9146	0.458871	0.394841	0.424951	0.368640	0.420942	0.408473
172000	1.7610	0.2973	0.2999	0.2927	0.2888	0.2949	0.2874	0.9049	0.9004	0.9068	0.9098	0.9066	0.9145	0.459624	0.395341	0.425676	0.368893	0.421585	0.408786
173000	1.7607	0.2972	0.3000	0.2926	0.2887	0.2947	0.2875	0.9049	0.9003	0.9068	0.9098	0.9068	0.9145	0.460307	0.395776	0.426365	0.369090	0.422153	0.409051
174000	1.7608	0.2972	0.3001	0.2926	0.2887	0.2946	0.2876	0.9049	0.9003	0.9069	0.9098	0.9070	0.9144	0.460933	0.396180	0.427027	0.369262	0.422683	0.409268
175000	1.7602	0.2972	0.3000	0.2924	0.2887	0.2942	0.2876	0.9050	0.9003	0.9070	0.9097	0.9072	0.9144	0.461510	0.396554	0.427643	0.369428	0.423161	0.409453
176000	1.7601	0.2973	0.3001	0.2924	0.2888	0.2940	0.2875	0.9050	0.9003	0.9071	0.9097	0.9075	0.9144	0.462012	0.396883	0.428218	0.369556	0.423592	0.409597
177000	1.7600	0.2973	0.3002	0.2923	0.2888	0.2939	0.2875	0.9050	0.9003	0.9072	0.9097	0.9076	0.9144	0.462498	0.397202	0.428792	0.369667	0.424029	0.409734
178000	1.7599	0.2972	0.3003	0.2922	0.2889	0.2937	0.2876	0.9050	0.9002	0.9072	0.9097	0.9078	0.9143	0.462949	0.397506	0.429320	0.369782	0.424431	0.409846
179000	1.7597	0.2970	0.3003	0.2922	0.2890	0.2935	0.2876	0.9051	0.9002	0.9072	0.9097	0.9079	0.9143	0.463381	0.397793	0.429841	0.369871	0.424820	0.409950
180000	1.7595	0.2970	0.3005	0.2922	0.2889	0.2933	0.2877	0.9051	0.9002	0.9073	0.9097	0.9081	0.9142	0.463807	0.398075	0.430358	0.369970	0.425197	0.410052
181000	1.7594	0.2970	0.3005	0.2921	0.2890	0.2931	0.2876	0.9051	0.9001	0.9073	0.9096	0.9082	0.9143	0.464596	0.398708	0.431283	0.370354	0.426009	0.410598
182000	1.7595	0.2971	0.3006	0.2921	0.2891	0.2930	0.2877	0.9051	0.9001	0.9073	0.9096	0.9084	0.9142	0.465134	0.399081	0.431988	0.370525	0.426572	0.410923
183000	1.7592	0.2970	0.3007	0.2920	0.2891	0.2927	0.2877	0.9051	0.9001	0.9074	0.9096	0.9085	0.9142	0.465570	0.399383	0.432620	0.370640	0.427049	0.411182
184000	1.7591	0.2970	0.3007	0.2922	0.2890	0.2926	0.2877	0.9051	0.9001	0.9073	0.9096	0.9087	0.9142	0.465884	0.399601	0.433135	0.370701	0.427413	0.411347
185000	1.7590	0.2969	0.3007	0.2921	0.2890	0.2925	0.2877	0.9052	0.9001	0.9074	0.9096	0.9087	0.9141	0.466180	0.399800	0.433624	0.370742	0.427762	0.411492
186000	1.7590	0.2969	0.3007	0.2921	0.2891	0.2925	0.2877	0.9052	0.9001	0.9074	0.9095	0.9087	0.9141	0.466427	0.399952	0.434079	0.370752	0.428069	0.411580
187000	1.7589	0.2969	0.3006	0.2920	0.2891	0.2925	0.2878	0.9052	0.9001	0.9075	0.9095	0.9088	0.9140	0.466656	0.400095	0.434521	0.370754	0.428355	0.411649
188000	1.7590	0.2967	0.3007	0.2920	0.2892	0.2925	0.2879	0.9053	0.9001	0.9075	0.9095	0.9088	0.9140	0.466890	0.400231	0.434948	0.370758	0.428631	0.411722
189000	1.7588	0.2967	0.3008	0.2919	0.2891	0.2925	0.2878	0.9053	0.9001	0.9075	0.9095	0.9088	0.9140	0.467108	0.400364	0.435357	0.370752	0.428909	0.411777
190000	1.7585	0.2966	0.3007	0.2918	0.2890	0.2925	0.2878	0.9053	0.9001	0.9076	0.9095	0.9088	0.9139	0.467292	0.400465	0.435748	0.370725	0.429161	0.411817
191000	1.7587	0.2967	0.3007	0.2918	0.2891	0.2925	0.2879	0.9054	0.9001	0.9076	0.9095	0.9089	0.9139	0.468032	0.401020	0.436553	0.371106	0.429898	0.412430
192000	1.7587	0.2966	0.3008	0.2918	0.2891	0.2924	0.2880	0.9054	0.9001	0.9076	0.9094	0.9089	0.9139	0.468486	0.401305	0.437135	0.371269	0.430350	0.412790
193000	1.7585	0.2965	0.3008	0.2917	0.2891	0.2924	0.2880	0.9054	0.9001	0.9076	0.9094	0.9089	0.9139	0.468887	0.401525	0.437663	0.371379	0.430742	0.413110
194000	1.7587	0.2966	0.3007	0.2916	0.2892	0.2924	0.2881	0.9054	0.9001	0.9077	0.9094	0.9089	0.9138	0.469216	0.401705	0.438116	0.371465	0.431081	0.413386
195000	1.7588	0.2966	0.3007	0.2916	0.2893	0.2924	0.2882	0.9054	0.9001	0.9077	0.9093	0.9089	0.9138	0.469500	0.401854	0.438518	0.371517	0.431390	0.413602
196000	1.7586	0.2965	0.3007	0.2915	0.2893	0.2924	0.2881	0.9055	0.9001	0.9077	0.9093	0.9089	0.9138	0.469746	0.401966	0.438873	0.371543	0.431656	0.413780
197000	1.7586	0.2965	0.3007	0.2915	0.2894	0.2925	0.2881	0.9055	0.9001	0.9077	0.9093	0.9089	0.9139	0.469976	0.402075	0.439229	0.371570	0.431919	0.413951
198000	1.7587	0.2965	0.3007	0.2915	0.2894	0.2924	0.2881	0.9055	0.9001	0.9077	0.9093	0.9089	0.9139	0.470207	0.402180	0.439561	0.371596	0.432181	0.414114
199000	1.7585	0.2965	0.3007	0.2915	0.2893	0.2925	0.2881	0.9055	0.9001	0.9078	0.9093	0.9089	0.9139	0.470380	0.402239	0.439823	0.371585	0.432403	0.414237
200000	1.7584	0.2964	0.3007	0.2914	0.2894	0.2924	0.2882	0.9056	0.9001	0.9078	0.9093	0.9090	0.9138	0.470576	0.402335	0.440120	0.371601	0.432637	0.414387
201000	1.7584	0.2964	0.3007	0.2913	0.2894	0.2924	0.2881	0.9056	0.9001	0.9078	0.9092	0.9090	0.9138	0.471252	0.402900	0.440895	0.372009	0.433381	0.415083
202000	1.7584	0.2964	0.3007	0.2913	0.2894	0.2924	0.2882	0.9056	0.9001	0.9078	0.9092	0.9090	0.9138	0.471672	0.403210	0.441451	0.372232	0.433886	0.415522
203000	1.7585	0.2963	0.3007	0.2914	0.2895	0.2924	0.2881	0.9057	0.9001	0.9078	0.9092	0.9090	0.9138	0.472029	0.403469	0.441943	0.372406	0.434333	0.415900
204000	1.7587	0.2964	0.3008	0.2915	0.2895	0.2923	0.2882	0.9057	0.9001	0.9078	0.9092	0.9090	0.9138	0.472330	0.403666	0.442391	0.372533	0.434740	0.416210
205000	1.7586	0.2964	0.3008	0.2916	0.2894	0.2923	0.2881	0.9056	0.9001	0.9078	0.9092	0.9090	0.9139	0.472613	0.403869	0.442857	0.372644	0.435139	0.416516
206000	1.7588	0.2965	0.3007	0.2916	0.2894	0.2923	0.2882	0.9056	0.9001	0.9078	0.9092	0.9090	0.9138	0.472864	0.404052	0.443274	0.372742	0.435512	0.416787
207000	1.7586	0.2964	0.3008	0.2915	0.2894	0.2923	0.2883	0.9057	0.9001	0.9079	0.9092	0.9091	0.9138	0.473132	0.404236	0.443697	0.372841	0.435898	0.417055
208000	1.7587	0.2965	0.3008	0.2915	0.2896	0.2922	0.2882	0.9057	0.9001	0.9079	0.9092	0.9091	0.9138	0.473381	0.404405	0.444100	0.372940	0.436246	0.417296
209000	1.7585	0.2964	0.3008	0.2914	0.2895	0.2922	0.2883	0.9057	0.9001	0.9080	0.9092	0.9092	0.9137	0.473646	0.404578	0.444504	0.373035	0.436614	0.417537
210000	1.7584	0.2965	0.3008	0.2913	0.2895	0.2920	0.2883	0.9057	0.9001	0.9080	0.9092	0.9092	0.9137	0.473851	0.404739	0.444873	0.373127	0.436941	0.417757
211000	1.7585	0.2965	0.3008	0.2913	0.2895	0.2921	0.2882	0.9057	0.9001	0.9080	0.9092	0.9092	0.9137	0.474514	0.405287	0.445593	0.373513	0.437643	0.418349
212000	1.7584	0.2964	0.3008	0.2914	0.2896	0.2920	0.2882	0.9058	0.9001	0.9080	0.9091	0.9092	0.9137	0.474918	0.405614	0.446073	0.373716	0.438112	0.418719
213000	1.7585	0.2964	0.3008	0.2914	0.2897	0.2921	0.2882	0.9058	0.9001	0.9080	0.9091	0.9092	0.9137	0.475250	0.405887	0.446497	0.373877	0.438517	0.419007
214000	1.7584	0.2963	0.3007	0.2914	0.2898	0.2920	0.2882	0.9059	0.9001	0.9080	0.9091	0.9092	0.9137	0.475541	0.406116	0.446882	0.374009	0.438883	0.419276
215000	1.7583	0.2962	0.3006	0.2914	0.2898	0.2920	0.2882	0.9059	0.9001	0.9080	0.9090	0.9093	0.9137	0.475801	0.406325	0.447245	0.374142	0.439222	0.419523
216000	1.7586	0.2963	0.3007	0.2913	0.2898	0.2920	0.2884	0.9059	0.9001	0.9081	0.9090	0.9093	0.9136	0.476050	0.406521	0.447597	0.374259	0.439553	0.419765
217000	1.7584	0.2963	0.3007	0.2912	0.2898	0.2920	0.2885	0.9059	0.9001	0.9081	0.9091	0.9093	0.9135	0.476284	0.406712	0.447942	0.374367	0.439877	0.419983
218000	1.7582	0.2962	0.3007	0.2912	0.2896	0.2919	0.2886	0.9060	0.9001	0.9081	0.9091	0.9093	0.9135	0.476511	0.406900	0.448281	0.374476	0.440214	0.420213
219000	1.7581	0.2961	0.3007	0.2912	0.2896	0.2918	0.2886	0.9060	0.9001	0.9082	0.9091	0.9093	0.9135	0.476701	0.407062	0.448592	0.374562	0.440524	0.420417
220000	1.7580	0.2959	0.3007	0.2911	0.2897	0.2920	0.2886	0.9061	0.9001	0.9082	0.9091	0.9093	0.9135	0.476874	0.407226	0.448883	0.374642	0.440805	0.420606
221000	1.7582	0.2960	0.3008	0.2912	0.2896	0.2920	0.2886	0.9061	0.9001	0.9081	0.9091	0.9093	0.9135	0.477567	0.407771	0.449629	0.375045	0.441493	0.421254
222000	1.7582	0.2961	0.3007	0.2912	0.2896	0.2920	0.2886	0.9061	0.9001	0.9082	0.9091	0.9093	0.9135	0.477980	0.408067	0.450122	0.375240	0.441933	0.421665
223000	1.7583	0.2960	0.3009	0.2912	0.2897	0.2919	0.2887	0.9061	0.9000	0.9082	0.9091	0.9093	0.9134	0.478319	0.408311	0.450539	0.375407	0.442296	0.422031
224000	1.7584	0.2959	0.3010	0.2911	0.2898	0.2919	0.2887	0.9062	0.9000	0.9082	0.9090	0.9093	0.9134	0.478600	0.408503	0.450899	0.375538	0.442598	0.422333
225000	1.7584	0.2959	0.3011	0.2911	0.2899	0.2917	0.2887	0.9062	0.9000	0.9083	0.9090	0.9094	0.9134	0.478840	0.408644	0.451223	0.375637	0.442866	0.422589
226000	1.7585	0.2960	0.3011	0.2912	0.2900	0.2917	0.2887	0.9062	0.9000	0.9082	0.9089	0.9094	0.9134	0.479043	0.408762	0.451533	0.375715	0.443108	0.422822
227000	1.7586	0.2959	0.3011	0.2911	0.2900	0.2917	0.2888	0.9062	0.9000	0.9083	0.9089	0.9094	0.9133	0.479245	0.408899	0.451841	0.375808	0.443365	0.423063
228000	1.7584	0.2959	0.3009	0.2912	0.2900	0.2917	0.2887	0.9063	0.9000	0.9083	0.9089	0.9094	0.9133	0.479422	0.408987	0.452105	0.375866	0.443581	0.423283
229000	1.7584	0.2959	0.3010	0.2911	0.2899	0.2917	0.2887	0.9062	0.9000	0.9083	0.9089	0.9094	0.9133	0.479588	0.409093	0.452360	0.375931	0.443798	0.423514
230000	1.7585	0.2960	0.3010	0.2911	0.2899	0.2917	0.2888	0.9062	0.9000	0.9083	0.9089	0.9094	0.9132	0.479744	0.409177	0.452596	0.375984	0.444014	0.423712
231000	1.7585	0.2960	0.3010	0.2912	0.2899	0.2917	0.2888	0.9062	0.9000	0.9083	0.9089	0.9094	0.9132	0.480394	0.409718	0.453325	0.376336	0.444656	0.424305
232000	1.7587	0.2960	0.3010	0.2912	0.2900	0.2917	0.2887	0.9062	0.9000	0.9083	0.9089	0.9094	0.9132	0.480802	0.410032	0.453847	0.376520	0.445068	0.424697
233000	1.7588	0.2961	0.3010	0.2913	0.2900	0.2917	0.2888	0.9062	0.9000	0.9083	0.9089	0.9094	0.9132	0.481131	0.410263	0.454288	0.376649	0.445407	0.425017
234000	1.7587	0.2960	0.3010	0.2913	0.2899	0.2917	0.2888	0.9062	0.9000	0.9083	0.9089	0.9094	0.9132	0.481411	0.410461	0.454691	0.376734	0.445692	0.425278
235000	1.7588	0.2959	0.3009	0.2913	0.2900	0.2917	0.2889	0.9063	0.9000	0.9083	0.9089	0.9094	0.9131	0.481644	0.410610	0.455044	0.376787	0.445914	0.425485
236000	1.7587	0.2960	0.3008	0.2913	0.2900	0.2917	0.2889	0.9063	0.9000	0.9083	0.9089	0.9094	0.9131	0.481861	0.410753	0.455360	0.376832	0.446118	0.425686
237000	1.7589	0.2960	0.3010	0.2913	0.2900	0.2918	0.2889	0.9063	0.9000	0.9083	0.9089	0.9093	0.9131	0.482067	0.410880	0.455666	0.376863	0.446297	0.425875
238000	1.7588	0.2960	0.3008	0.2913	0.2900	0.2917	0.2890	0.9063	0.9000	0.9083	0.9089	0.9094	0.9130	0.482225	0.410973	0.455939	0.376872	0.446455	0.426031
239000	1.7590	0.2959	0.3009	0.2913	0.2902	0.2917	0.2890	0.9063	0.9000	0.9083	0.9088	0.9093	0.9130	0.482412	0.411087	0.456244	0.376900	0.446640	0.426218
240000	1.7590	0.2959	0.3009	0.2912	0.2902	0.2918	0.2890	0.9063	0.9000	0.9083	0.9088	0.9093	0.9130	0.482584	0.411187	0.456533	0.376918	0.446813	0.426391
241000	1.7592	0.2960	0.3009	0.2913	0.2901	0.2918	0.2891	0.9063	0.9000	0.9083	0.9088	0.9093	0.9130	0.483092	0.411591	0.457179	0.377230	0.447363	0.426945
242000	1.7593	0.2960	0.3010	0.2913	0.2902	0.2918	0.2891	0.9064	0.9000	0.9083	0.9088	0.9093	0.9130	0.483380	0.411781	0.457621	0.377379	0.447680	0.427290
243000	1.7593	0.2959	0.3010	0.2912	0.2902	0.2918	0.2891	0.9064	0.9000	0.9084	0.9087	0.9093	0.9130	0.483611	0.411912	0.457996	0.377497	0.447943	0.427570
244000	1.7591	0.2958	0.3009	0.2913	0.2901	0.2918	0.2891	0.9064	0.9000	0.9084	0.9088	0.9093	0.9130	0.483784	0.412009	0.458322	0.377576	0.448157	0.427800
245000	1.7592	0.2959	0.3009	0.2913	0.2902	0.2918	0.2892	0.9064	0.9000	0.9084	0.9088	0.9094	0.9129	0.483921	0.412097	0.458626	0.377639	0.448326	0.428009
246000	1.7590	0.2959	0.3008	0.2912	0.2902	0.2917	0.2891	0.9065	0.9000	0.9084	0.9087	0.9094	0.9130	0.484043	0.412160	0.458922	0.377690	0.448479	0.428206
247000	1.7587	0.2959	0.3008	0.2911	0.2902	0.2915	0.2891	0.9065	0.9000	0.9085	0.9087	0.9095	0.9130	0.484150	0.412225	0.459211	0.377737	0.448626	0.428403
248000	1.7584	0.2959	0.3008	0.2911	0.2902	0.2915	0.2891	0.9065	0.9000	0.9085	0.9087	0.9095	0.9130	0.484206	0.412253	0.459462	0.377768	0.448752	0.428570
249000	1.7584	0.2959	0.3009	0.2911	0.2901	0.2914	0.2890	0.9065	0.9000	0.9085	0.9088	0.9096	0.9131	0.484271	0.412289	0.459712	0.377804	0.448891	0.428722
250000	1.7584	0.2958	0.3009	0.2911	0.2900	0.2915	0.2890	0.9066	0.9000	0.9085	0.9088	0.9096	0.9131	0.484347	0.412345	0.459960	0.377850	0.449028	0.428884
251000	1.7584	0.2958	0.3009	0.2911	0.2900	0.2916	0.2889	0.9066	0.9000	0.9085	0.9088	0.9095	0.9131	0.484888	0.412824	0.460653	0.378193	0.449628	0.429458
252000	1.7581	0.2956	0.3009	0.2911	0.2900	0.2917	0.2888	0.9067	0.9000	0.9085	0.9088	0.9095	0.9132	0.485199	0.413075	0.461131	0.378385	0.450005	0.429810
253000	1.7581	0.2956	0.3010	0.2912	0.2900	0.2917	0.2886	0.9067	0.8999	0.9085	0.9088	0.9095	0.9132	0.485432	0.413235	0.461535	0.378508	0.450304	0.430080
254000	1.7580	0.2957	0.3010	0.2913	0.2899	0.2915	0.2885	0.9067	0.9000	0.9085	0.9088	0.9096	0.9133	0.485653	0.413400	0.461951	0.378626	0.450604	0.430355
255000	1.7580	0.2956	0.3010	0.2913	0.2899	0.2916	0.2885	0.9067	0.9000	0.9084	0.9088	0.9096	0.9133	0.485855	0.413530	0.462324	0.378730	0.450868	0.430600
256000	1.7576	0.2955	0.3009	0.2913	0.2899	0.2915	0.2885	0.9068	0.9000	0.9085	0.9088	0.9096	0.9133	0.485993	0.413618	0.462649	0.378806	0.451087	0.430783
257000	1.7571	0.2955	0.3006	0.2913	0.2899	0.2915	0.2884	0.9068	0.9001	0.9085	0.9088	0.9097	0.9134	0.486105	0.413684	0.462928	0.378859	0.451289	0.430944
258000	1.7569	0.2953	0.3005	0.2912	0.2900	0.2915	0.2884	0.9069	0.9002	0.9085	0.9087	0.9097	0.9134	0.486239	0.413756	0.463229	0.378936	0.451512	0.431123
259000	1.7566	0.2953	0.3003	0.2912	0.2900	0.2915	0.2883	0.9069	0.9002	0.9085	0.9087	0.9097	0.9134	0.486321	0.413788	0.463482	0.378977	0.451681	0.431274
260000	1.7564	0.2953	0.3001	0.2912	0.2900	0.2916	0.2882	0.9069	0.9003	0.9085	0.9087	0.9096	0.9135	0.486426	0.413842	0.463753	0.379036	0.451860	0.431428
261000	1.7564	0.2952	0.3001	0.2912	0.2901	0.2915	0.2883	0.9070	0.9003	0.9086	0.9087	0.9097	0.9134	0.486933	0.414287	0.464378	0.379394	0.452474	0.431915
262000	1.7564	0.2953	0.3001	0.2912	0.2900	0.2915	0.2883	0.9070	0.9004	0.9086	0.9087	0.9097	0.9134	0.487232	0.414520	0.464802	0.379581	0.452854	0.432179
263000	1.7562	0.2952	0.3000	0.2913	0.2900	0.2914	0.2883	0.9070	0.9004	0.9085	0.9087	0.9098	0.9134	0.487436	0.414669	0.465128	0.379711	0.453138	0.432365
264000	1.7560	0.2952	0.3000	0.2911	0.2900	0.2913	0.2883	0.9070	0.9004	0.9086	0.9087	0.9098	0.9134	0.487610	0.414784	0.465413	0.379824	0.453389	0.432513
265000	1.7559	0.2952	0.2999	0.2911	0.2900	0.2913	0.2884	0.9071	0.9004	0.9086	0.9087	0.9098	0.9134	0.487775	0.414880	0.465702	0.379925	0.453625	0.432633
266000	1.7559	0.2951	0.2999	0.2911	0.2900	0.2913	0.2884	0.9071	0.9004	0.9086	0.9087	0.9098	0.9134	0.487902	0.414951	0.465946	0.380005	0.453821	0.432718
267000	1.7559	0.2949	0.3000	0.2911	0.2900	0.2914	0.2885	0.9072	0.9004	0.9087	0.9087	0.9098	0.9133	0.488017	0.415007	0.466169	0.380079	0.454016	0.432805
268000	1.7556	0.2950	0.2999	0.2910	0.2900	0.2913	0.2884	0.9072	0.9004	0.9087	0.9087	0.9099	0.9134	0.488144	0.415069	0.466402	0.380162	0.454233	0.432886
269000	1.7557	0.2950	0.2999	0.2910	0.2901	0.2913	0.2885	0.9072	0.9004	0.9087	0.9087	0.9099	0.9133	0.488239	0.415126	0.466624	0.380228	0.454419	0.432958
270000	1.7558	0.2950	0.2999	0.2911	0.2901	0.2913	0.2885	0.9073	0.9004	0.9087	0.9087	0.9099	0.9133	0.488346	0.415188	0.466859	0.380320	0.454614	0.433036
271000	1.7558	0.2949	0.2999	0.2912	0.2901	0.2913	0.2885	0.9073	0.9004	0.9087	0.9087	0.9099	0.9133	0.488824	0.415604	0.467489	0.380765	0.455225	0.433547
272000	1.7560	0.2949	0.3000	0.2912	0.2900	0.2913	0.2885	0.9073	0.9004	0.9087	0.9087	0.9099	0.9133	0.489107	0.415831	0.467918	0.381067	0.455625	0.433845
273000	1.7557	0.2948	0.2999	0.2912	0.2900	0.2914	0.2885	0.9074	0.9004	0.9087	0.9087	0.9099	0.9133	0.489308	0.415981	0.468258	0.381304	0.455938	0.434071
274000	1.7556	0.2948	0.2999	0.2912	0.2900	0.2913	0.2885	0.9074	0.9005	0.9087	0.9087	0.9100	0.9133	0.489480	0.416090	0.468572	0.381522	0.456202	0.434276
275000	1.7556	0.2948	0.2998	0.2912	0.2899	0.2913	0.2885	0.9074	0.9007	0.9087	0.9087	0.9099	0.9133	0.489596	0.416153	0.468859	0.381705	0.456424	0.434432
276000	1.7555	0.2948	0.2997	0.2911	0.2900	0.2914	0.2885	0.9075	0.9008	0.9088	0.9087	0.9099	0.9134	0.489706	0.416212	0.469133	0.381886	0.456645	0.434576
277000	1.7550	0.2947	0.2994	0.2911	0.2900	0.2914	0.2885	0.9075	0.9010	0.9088	0.9087	0.9099	0.9134	0.489812	0.416267	0.469394	0.382060	0.456867	0.434724
278000	1.7549	0.2947	0.2992	0.2911	0.2900	0.2914	0.2884	0.9076	0.9012	0.9088	0.9087	0.9099	0.9134	0.489909	0.416322	0.469669	0.382219	0.457083	0.434872
279000	1.7548	0.2947	0.2992	0.2912	0.2900	0.2914	0.2884	0.9076	0.9013	0.9088	0.9087	0.9099	0.9135	0.490016	0.416393	0.469956	0.382380	0.457327	0.435030
280000	1.7545	0.2946	0.2990	0.2912	0.2899	0.2913	0.2884	0.9076	0.9014	0.9088	0.9087	0.9100	0.9135	0.490116	0.416463	0.470247	0.382534	0.457558	0.435184
281000	1.7544	0.2946	0.2989	0.2911	0.2900	0.2913	0.2884	0.9077	0.9015	0.9088	0.9087	0.9100	0.9135	0.490633	0.416912	0.470961	0.382971	0.458180	0.435718
282000	1.7542	0.2946	0.2988	0.2910	0.2900	0.2914	0.2884	0.9077	0.9016	0.9089	0.9087	0.9099	0.9135	0.490916	0.417143	0.471440	0.383240	0.458552	0.436031
283000	1.7543	0.2947	0.2987	0.2911	0.2899	0.2914	0.2885	0.9076	0.9017	0.9089	0.9087	0.9099	0.9134	0.491137	0.417319	0.471850	0.383462	0.458867	0.436276
284000	1.7544	0.2947	0.2987	0.2911	0.2899	0.2915	0.2886	0.9076	0.9017	0.9089	0.9088	0.9099	0.9134	0.491312	0.417475	0.472225	0.383665	0.459165	0.436493
285000	1.7543	0.2948	0.2985	0.2911	0.2898	0.2914	0.2887	0.9076	0.9019	0.9089	0.9088	0.9099	0.9134	0.491439	0.417585	0.472559	0.383832	0.459421	0.436676
286000	1.7539	0.2948	0.2983	0.2910	0.2898	0.2914	0.2886	0.9076	0.9020	0.9090	0.9088	0.9099	0.9135	0.491550	0.417671	0.472895	0.383998	0.459674	0.436848
287000	1.7539	0.2949	0.2982	0.2911	0.2897	0.2915	0.2886	0.9076	0.9021	0.9090	0.9088	0.9099	0.9135	0.491647	0.417767	0.473214	0.384148	0.459922	0.437014
288000	1.7539	0.2949	0.2982	0.2911	0.2897	0.2914	0.2886	0.9076	0.9022	0.9090	0.9088	0.9099	0.9135	0.491723	0.417834	0.473519	0.384286	0.460148	0.437157
289000	1.7539	0.2949	0.2982	0.2912	0.2896	0.2914	0.2886	0.9076	0.9022	0.9090	0.9089	0.9099	0.9135	0.491817	0.417908	0.473817	0.384429	0.460389	0.437321
290000	1.7537	0.2949	0.2981	0.2912	0.2895	0.2914	0.2886	0.9076	0.9023	0.9090	0.9089	0.9099	0.9135	0.491888	0.417955	0.474092	0.384557	0.460614	0.437467
291000	1.7536	0.2950	0.2980	0.2911	0.2895	0.2914	0.2886	0.9077	0.9024	0.9090	0.9089	0.9099	0.9135	0.492450	0.418421	0.474742	0.384906	0.461284	0.438071
292000	1.7536	0.2950	0.2979	0.2911	0.2896	0.2914	0.2886	0.9077	0.9024	0.9090	0.9088	0.9099	0.9135	0.492777	0.418687	0.475183	0.385103	0.461726	0.438471
293000	1.7535	0.2949	0.2979	0.2911	0.2896	0.2914	0.2886	0.9077	0.9025	0.9090	0.9089	0.9099	0.9135	0.493009	0.418892	0.475532	0.385237	0.462079	0.438784
294000	1.7533	0.2949	0.2978	0.2911	0.2896	0.2914	0.2886	0.9077	0.9026	0.9090	0.9089	0.9099	0.9135	0.493186	0.419039	0.475814	0.385328	0.462370	0.439043
295000	1.7532	0.2948	0.2977	0.2911	0.2897	0.2914	0.2886	0.9078	0.9027	0.9090	0.9088	0.9099	0.9135	0.493328	0.419164	0.476056	0.385392	0.462622	0.439263
296000	1.7531	0.2947	0.2976	0.2911	0.2897	0.2915	0.2886	0.9078	0.9028	0.9090	0.9088	0.9098	0.9135	0.493468	0.419281	0.476296	0.385449	0.462868	0.439481
297000	1.7530	0.2947	0.2974	0.2910	0.2897	0.2915	0.2886	0.9078	0.9029	0.9090	0.9088	0.9098	0.9135	0.493578	0.419374	0.476520	0.385487	0.463078	0.439678
298000	1.7528	0.2947	0.2974	0.2910	0.2896	0.2915	0.2886	0.9078	0.9030	0.9091	0.9088	0.9098	0.9135	0.493676	0.419456	0.476716	0.385517	0.463266	0.439838
299000	1.7526	0.2947	0.2973	0.2910	0.2896	0.2914	0.2886	0.9078	0.9031	0.9091	0.9088	0.9099	0.9135	0.493759	0.419519	0.476907	0.385533	0.463453	0.439994
300000	1.7525	0.2946	0.2971	0.2910	0.2896	0.2915	0.2887	0.9079	0.9033	0.9091	0.9088	0.9098	0.9135	0.493845	0.419579	0.477094	0.385546	0.463640	0.440157
301000	1.7525	0.2947	0.2971	0.2910	0.2896	0.2915	0.2886	0.9079	0.9033	0.9091	0.9088	0.9098	0.9135	0.494370	0.420010	0.477697	0.385930	0.464206	0.440592
302000	1.7524	0.2947	0.2970	0.2910	0.2895	0.2916	0.2886	0.9079	0.9034	0.9091	0.9089	0.9098	0.9135	0.494690	0.420233	0.478085	0.386155	0.464561	0.440857
303000	1.7523	0.2946	0.2970	0.2911	0.2895	0.2915	0.2886	0.9079	0.9034	0.9090	0.9089	0.9098	0.9135	0.494948	0.420412	0.478403	0.386343	0.464850	0.441059
304000	1.7523	0.2946	0.2969	0.2912	0.2895	0.2915	0.2886	0.9079	0.9035	0.9090	0.9088	0.9098	0.9135	0.495154	0.420544	0.478676	0.386508	0.465095	0.441223
305000	1.7522	0.2946	0.2968	0.2912	0.2895	0.2916	0.2885	0.9079	0.9036	0.9090	0.9088	0.9098	0.9136	0.495350	0.420649	0.478934	0.386651	0.465329	0.441371
306000	1.7520	0.2946	0.2967	0.2912	0.2894	0.2916	0.2885	0.9079	0.9037	0.9090	0.9089	0.9098	0.9136	0.495530	0.420727	0.479168	0.386784	0.465546	0.441507
307000	1.7518	0.2946	0.2966	0.2912	0.2894	0.2915	0.2886	0.9079	0.9037	0.9090	0.9089	0.9098	0.9136	0.495697	0.420795	0.479396	0.386903	0.465756	0.441632
308000	1.7520	0.2946	0.2966	0.2913	0.2894	0.2915	0.2887	0.9079	0.9038	0.9090	0.9088	0.9098	0.9135	0.495805	0.420831	0.479583	0.387001	0.465927	0.441730
309000	1.7519	0.2946	0.2966	0.2912	0.2894	0.2914	0.2886	0.9079	0.9038	0.9090	0.9089	0.9098	0.9136	0.495930	0.420869	0.479782	0.387090	0.466102	0.441829
310000	1.7517	0.2946	0.2965	0.2912	0.2894	0.2914	0.2886	0.9079	0.9039	0.9090	0.9089	0.9098	0.9136	0.496060	0.420897	0.479973	0.387184	0.466285	0.441936
311000	1.7518	0.2947	0.2965	0.2912	0.2895	0.2914	0.2887	0.9079	0.9039	0.9090	0.9088	0.9098	0.9136	0.496474	0.421227	0.480530	0.387601	0.466792	0.442326
312000	1.7517	0.2947	0.2964	0.2912	0.2894	0.2914	0.2886	0.9079	0.9039	0.9090	0.9088	0.9098	0.9136	0.496684	0.421355	0.480879	0.387869	0.467063	0.442537
313000	1.7517	0.2947	0.2965	0.2912	0.2894	0.2913	0.2886	0.9079	0.9039	0.9091	0.9088	0.9098	0.9136	0.496834	0.421421	0.481166	0.388101	0.467279	0.442698
314000	1.7517	0.2947	0.2964	0.2912	0.2894	0.2914	0.2886	0.9079	0.9040	0.9091	0.9088	0.9098	0.9136	0.496932	0.421439	0.481414	0.388301	0.467453	0.442821
315000	1.7518	0.2947	0.2964	0.2912	0.2895	0.2914	0.2887	0.9079	0.9040	0.9091	0.9088	0.9098	0.9136	0.497001	0.421439	0.481625	0.388472	0.467600	0.442923
316000	1.7515	0.2947	0.2962	0.2912	0.2894	0.2913	0.2886	0.9079	0.9041	0.9091	0.9088	0.9098	0.9135	0.497053	0.421424	0.481831	0.388638	0.467737	0.443001
317000	1.7513	0.2946	0.2962	0.2911	0.2894	0.2913	0.2887	0.9080	0.9041	0.9091	0.9088	0.9098	0.9135	0.497076	0.421384	0.482003	0.388780	0.467835	0.443052
318000	1.7513	0.2946	0.2962	0.2911	0.2894	0.2913	0.2886	0.9080	0.9041	0.9091	0.9088	0.9098	0.9136	0.497067	0.421324	0.482155	0.388901	0.467912	0.443079
319000	1.7513	0.2946	0.2962	0.2911	0.2895	0.2913	0.2886	0.9080	0.9041	0.9090	0.9088	0.9098	0.9136	0.497080	0.421291	0.482321	0.389047	0.468010	0.443124
320000	1.7514	0.2946	0.2963	0.2911	0.2895	0.2913	0.2886	0.9079	0.9041	0.9090	0.9088	0.9098	0.9135	0.497062	0.421234	0.482452	0.389179	0.468086	0.443165
321000	1.7515	0.2947	0.2963	0.2911	0.2895	0.2913	0.2887	0.9079	0.9041	0.9091	0.9087	0.9098	0.9135	0.497418	0.421495	0.482942	0.389484	0.468538	0.443560
322000	1.7515	0.2947	0.2963	0.2911	0.2895	0.2912	0.2887	0.9079	0.9041	0.9091	0.9087	0.9098	0.9135	0.497582	0.421565	0.483231	0.389631	0.468781	0.443779
323000	1.7514	0.2947	0.2962	0.2910	0.2895	0.2913	0.2887	0.9079	0.9041	0.9091	0.9087	0.9099	0.9135	0.497670	0.421578	0.483457	0.389739	0.468941	0.443944
324000	1.7513	0.2947	0.2963	0.2909	0.2895	0.2912	0.2886	0.9079	0.9041	0.9091	0.9087	0.9099	0.9136	0.497712	0.421558	0.483632	0.389819	0.469054	0.444080
325000	1.7513	0.2947	0.2963	0.2909	0.2895	0.2912	0.2886	0.9079	0.9041	0.9092	0.9087	0.9099	0.9136	0.497728	0.421512	0.483780	0.389899	0.469139	0.444200
326000	1.7512	0.2947	0.2963	0.2909	0.2895	0.2912	0.2886	0.9079	0.9041	0.9092	0.9087	0.9099	0.9136	0.497725	0.421461	0.483931	0.389967	0.469231	0.444315
327000	1.7512	0.2947	0.2963	0.2909	0.2895	0.2912	0.2886	0.9079	0.9041	0.9092	0.9087	0.9100	0.9136	0.497726	0.421409	0.484071	0.390036	0.469319	0.444438
328000	1.7513	0.2948	0.2963	0.2909	0.2896	0.2912	0.2886	0.9079	0.9040	0.9092	0.9086	0.9099	0.9136	0.497726	0.421342	0.484186	0.390100	0.469383	0.444549
329000	1.7512	0.2948	0.2963	0.2908	0.2896	0.2912	0.2886	0.9079	0.9041	0.9092	0.9086	0.9099	0.9136	0.497734	0.421269	0.484297	0.390170	0.469450	0.444654
330000	1.7510	0.2948	0.2962	0.2908	0.2896	0.2911	0.2886	0.9079	0.9041	0.9092	0.9086	0.9100	0.9136	0.497732	0.421189	0.484406	0.390236	0.469505	0.444760
331000	1.7512	0.2947	0.2963	0.2908	0.2897	0.2911	0.2886	0.9079	0.9041	0.9092	0.9086	0.9100	0.9136	0.498079	0.421409	0.484861	0.390561	0.469955	0.445150
332000	1.7513	0.2948	0.2962	0.2908	0.2897	0.2912	0.2886	0.9079	0.9041	0.9092	0.9086	0.9099	0.9136	0.498260	0.421454	0.485135	0.390747	0.470236	0.445388
333000	1.7512	0.2947	0.2962	0.2908	0.2896	0.2912	0.2887	0.9080	0.9041	0.9092	0.9086	0.9099	0.9136	0.498373	0.421457	0.485345	0.390899	0.470450	0.445584
334000	1.7513	0.2947	0.2961	0.2908	0.2896	0.2912	0.2887	0.9080	0.9041	0.9092	0.9086	0.9099	0.9135	0.498456	0.421430	0.485520	0.391030	0.470624	0.445749
335000	1.7513	0.2947	0.2962	0.2908	0.2896	0.2913	0.2887	0.9080	0.9041	0.9092	0.9086	0.9098	0.9135	0.498517	0.421389	0.485679	0.391151	0.470775	0.445901
