Iteration	Avg_Total_Reward	Avg_Reward_User_0	Avg_Reward_User_1	Avg_Reward_User_2	Avg_Reward_User_3	Avg_Reward_User_4	Avg_Reward_User_5	Avg_Reward_User_6	Avg_Reward_User_7	Packet_Loss_Ratio_User_0	Packet_Loss_Ratio_User_1	Packet_Loss_Ratio_User_2	Packet_Loss_Ratio_User_3	Packet_Loss_Ratio_User_4	Packet_Loss_Ratio_User_5	Packet_Loss_Ratio_User_6	Packet_Loss_Ratio_User_7	Avg_Loss_User_0	Avg_Loss_User_1	Avg_Loss_User_2	Avg_Loss_User_3	Avg_Loss_User_4	Avg_Loss_User_5	Avg_Loss_User_6	Avg_Loss_User_7
1000	1.0660	0.1320	0.1390	0.1330	0.1390	0.1270	0.1270	0.1390	0.1300	0.9632	0.9586	0.9581	0.9571	0.9640	0.9642	0.9555	0.9578	0.451526	0.458308	0.452857	0.444210	0.442710	0.449024	0.437973	0.419285
2000	1.2375	0.1515	0.1685	0.1485	0.1590	0.1500	0.1495	0.1590	0.1515	0.9600	0.9471	0.9524	0.9484	0.9604	0.9580	0.9485	0.9530	0.451663	0.459414	0.456855	0.451900	0.449267	0.453900	0.444671	0.427511
3000	1.3827	0.1670	0.1837	0.1673	0.1780	0.1647	0.1743	0.1790	0.1687	0.9572	0.9410	0.9483	0.9416	0.9548	0.9504	0.9412	0.9476	0.443919	0.452766	0.452004	0.448028	0.446983	0.451127	0.441970	0.427556
4000	1.4565	0.1757	0.1893	0.1885	0.1847	0.1678	0.1800	0.1895	0.1810	0.9545	0.9388	0.9409	0.9402	0.9528	0.9496	0.9378	0.9438	0.435103	0.441209	0.442281	0.439606	0.438175	0.441798	0.434811	0.421303
5000	1.5022	0.1830	0.1956	0.1938	0.1902	0.1760	0.1830	0.1954	0.1852	0.9517	0.9371	0.9384	0.9391	0.9492	0.9486	0.9368	0.9424	0.426036	0.429998	0.431384	0.430025	0.428879	0.431424	0.426381	0.413377
6000	1.5342	0.1868	0.2005	0.1940	0.1945	0.1808	0.1863	0.1990	0.1922	0.9496	0.9355	0.9379	0.9371	0.9468	0.9474	0.9354	0.9402	0.417989	0.420458	0.422146	0.421206	0.421002	0.422278	0.418804	0.406261
7000	1.5614	0.1923	0.2070	0.1977	0.1947	0.1833	0.1889	0.2007	0.1969	0.9476	0.9332	0.9365	0.9370	0.9456	0.9475	0.9346	0.9386	0.409812	0.411156	0.412972	0.412602	0.412882	0.413235	0.411085	0.399006
8000	1.5834	0.1966	0.2077	0.1994	0.1980	0.1856	0.1911	0.2055	0.1994	0.9453	0.9337	0.9363	0.9360	0.9448	0.9468	0.9329	0.9378	0.402853	0.403171	0.405054	0.405074	0.405864	0.405635	0.404322	0.392920
9000	1.6011	0.1959	0.2082	0.2037	0.2012	0.1892	0.1931	0.2096	0.2002	0.9454	0.9335	0.9346	0.9348	0.9438	0.9458	0.9317	0.9375	0.396668	0.396232	0.398191	0.398469	0.399623	0.398841	0.398173	0.387348
10000	1.6143	0.1992	0.2096	0.2045	0.2028	0.1909	0.1925	0.2121	0.2027	0.9443	0.9335	0.9346	0.9344	0.9428	0.9463	0.9307	0.9365	0.391266	0.390119	0.391949	0.392552	0.393867	0.392812	0.392572	0.382286
11000	1.5893	0.2007	0.2064	0.2028	0.1996	0.1873	0.1885	0.2006	0.2033	0.9430	0.9342	0.9348	0.9353	0.9435	0.9468	0.9342	0.9362	0.402423	0.405175	0.404763	0.403530	0.404621	0.402635	0.410006	0.391650
12000	1.6052	0.2036	0.2076	0.2051	0.2020	0.1893	0.1868	0.2027	0.2082	0.9414	0.9332	0.9341	0.9344	0.9426	0.9466	0.9335	0.9340	0.399583	0.403165	0.400821	0.399648	0.400408	0.401951	0.407625	0.390171
13000	1.6186	0.2053	0.2082	0.2047	0.2039	0.1918	0.1854	0.2062	0.2131	0.9403	0.9331	0.9348	0.9335	0.9414	0.9464	0.9323	0.9320	0.396439	0.400427	0.397008	0.395890	0.396229	0.400728	0.404893	0.388386
14000	1.6292	0.2074	0.2111	0.2044	0.2051	0.1950	0.1860	0.2068	0.2134	0.9391	0.9318	0.9357	0.9329	0.9399	0.9455	0.9321	0.9319	0.393243	0.397410	0.393197	0.392373	0.392226	0.398965	0.402068	0.386359
15000	1.6362	0.2083	0.2117	0.2047	0.2056	0.1978	0.1863	0.2072	0.2145	0.9383	0.9315	0.9360	0.9328	0.9388	0.9449	0.9319	0.9315	0.390138	0.394469	0.389638	0.389041	0.388457	0.396792	0.399110	0.384210
16000	1.6449	0.2108	0.2126	0.2038	0.2076	0.1983	0.1898	0.2085	0.2136	0.9371	0.9314	0.9374	0.9320	0.9385	0.9433	0.9315	0.9318	0.386998	0.391495	0.386172	0.385750	0.384877	0.394193	0.396168	0.381867
17000	1.6535	0.2116	0.2140	0.2028	0.2078	0.2003	0.1912	0.2100	0.2158	0.9366	0.9307	0.9383	0.9318	0.9376	0.9424	0.9308	0.9310	0.383900	0.388623	0.382874	0.382579	0.381512	0.391529	0.393147	0.379515
18000	1.6626	0.2117	0.2146	0.2029	0.2095	0.2021	0.1933	0.2119	0.2164	0.9363	0.9304	0.9386	0.9312	0.9369	0.9412	0.9301	0.9308	0.380945	0.385819	0.379728	0.379482	0.378293	0.388983	0.390314	0.377165
19000	1.6704	0.2123	0.2157	0.2027	0.2108	0.2026	0.1953	0.2138	0.2172	0.9359	0.9300	0.9388	0.9308	0.9365	0.9403	0.9296	0.9304	0.378199	0.383120	0.376851	0.376667	0.375304	0.386590	0.387660	0.374858
20000	1.6786	0.2117	0.2168	0.2039	0.2122	0.2040	0.1971	0.2147	0.2182	0.9359	0.9295	0.9385	0.9302	0.9358	0.9394	0.9293	0.9302	0.375720	0.380704	0.374173	0.374101	0.372637	0.384325	0.385107	0.372741
21000	1.6818	0.2120	0.2158	0.2040	0.2137	0.2047	0.1985	0.2142	0.2189	0.9355	0.9297	0.9384	0.9296	0.9355	0.9388	0.9295	0.9299	0.380374	0.386014	0.378477	0.378670	0.376257	0.388317	0.390683	0.377857
22000	1.6856	0.2127	0.2169	0.2036	0.2135	0.2057	0.2000	0.2147	0.2185	0.9351	0.9293	0.9391	0.9297	0.9351	0.9380	0.9294	0.9302	0.381223	0.386740	0.379585	0.381406	0.377132	0.390337	0.394462	0.380898
23000	1.6904	0.2138	0.2178	0.2037	0.2137	0.2062	0.2003	0.2151	0.2200	0.9345	0.9289	0.9393	0.9297	0.9347	0.9377	0.9292	0.9297	0.381424	0.386848	0.380124	0.383412	0.377533	0.391762	0.397310	0.383108
24000	1.6953	0.2145	0.2189	0.2034	0.2145	0.2070	0.2017	0.2152	0.2201	0.9340	0.9285	0.9399	0.9293	0.9343	0.9372	0.9291	0.9297	0.381568	0.386932	0.380642	0.385364	0.377939	0.393068	0.399966	0.385207
25000	1.7015	0.2156	0.2194	0.2041	0.2152	0.2082	0.2033	0.2153	0.2204	0.9335	0.9281	0.9396	0.9289	0.9338	0.9363	0.9292	0.9295	0.381468	0.386846	0.380930	0.386936	0.378040	0.394153	0.402221	0.386909
26000	1.7055	0.2162	0.2199	0.2040	0.2157	0.2096	0.2044	0.2149	0.2207	0.9331	0.9280	0.9397	0.9288	0.9333	0.9358	0.9294	0.9295	0.381377	0.386818	0.381198	0.388396	0.378178	0.395170	0.404313	0.388462
27000	1.7067	0.2166	0.2204	0.2041	0.2160	0.2096	0.2052	0.2142	0.2207	0.9328	0.9278	0.9401	0.9286	0.9333	0.9355	0.9296	0.9295	0.381089	0.386559	0.381272	0.389611	0.378194	0.396030	0.406138	0.389718
28000	1.7109	0.2170	0.2206	0.2045	0.2170	0.2106	0.2054	0.2151	0.2206	0.9326	0.9277	0.9403	0.9283	0.9329	0.9353	0.9293	0.9294	0.380753	0.386348	0.381323	0.390725	0.378211	0.396803	0.407794	0.390858
29000	1.7133	0.2167	0.2208	0.2044	0.2177	0.2118	0.2057	0.2158	0.2203	0.9324	0.9276	0.9407	0.9280	0.9323	0.9350	0.9291	0.9295	0.380491	0.386277	0.381421	0.391873	0.378252	0.397570	0.409406	0.392037
30000	1.7155	0.2173	0.2215	0.2039	0.2180	0.2131	0.2058	0.2159	0.2199	0.9321	0.9273	0.9411	0.9278	0.9318	0.9348	0.9291	0.9297	0.380212	0.386128	0.381516	0.392903	0.378297	0.398248	0.410909	0.393063
31000	1.7153	0.2175	0.2215	0.2041	0.2185	0.2122	0.2062	0.2152	0.2202	0.9318	0.9273	0.9413	0.9276	0.9320	0.9345	0.9293	0.9295	0.381586	0.387472	0.383455	0.394665	0.380660	0.399749	0.413617	0.394920
32000	1.7185	0.2193	0.2221	0.2034	0.2190	0.2125	0.2071	0.2155	0.2197	0.9310	0.9270	0.9420	0.9275	0.9318	0.9341	0.9292	0.9298	0.381867	0.387679	0.384104	0.395417	0.381819	0.400151	0.415166	0.395868
33000	1.7203	0.2197	0.2221	0.2031	0.2187	0.2129	0.2078	0.2162	0.2199	0.9307	0.9270	0.9425	0.9277	0.9317	0.9338	0.9290	0.9296	0.381984	0.387734	0.384565	0.396057	0.382819	0.400411	0.416528	0.396602
34000	1.7229	0.2197	0.2225	0.2033	0.2189	0.2138	0.2081	0.2164	0.2203	0.9306	0.9269	0.9428	0.9275	0.9313	0.9336	0.9291	0.9294	0.382044	0.387769	0.384985	0.396676	0.383767	0.400682	0.417787	0.397231
35000	1.7237	0.2197	0.2227	0.2033	0.2196	0.2138	0.2081	0.2161	0.2205	0.9306	0.9268	0.9430	0.9272	0.9312	0.9335	0.9292	0.9293	0.381989	0.387694	0.385279	0.397141	0.384538	0.400804	0.418813	0.397688
36000	1.7251	0.2198	0.2224	0.2034	0.2200	0.2141	0.2085	0.2157	0.2213	0.9304	0.9269	0.9433	0.9271	0.9310	0.9333	0.9293	0.9289	0.381859	0.387544	0.385441	0.397485	0.385197	0.400843	0.419700	0.398014
37000	1.7267	0.2203	0.2227	0.2031	0.2196	0.2150	0.2094	0.2156	0.2209	0.9302	0.9268	0.9437	0.9272	0.9307	0.9329	0.9294	0.9290	0.381744	0.387393	0.385597	0.397835	0.385819	0.400884	0.420587	0.398347
38000	1.7282	0.2207	0.2228	0.2031	0.2199	0.2153	0.2098	0.2161	0.2206	0.9300	0.9269	0.9439	0.9271	0.9305	0.9327	0.9292	0.9290	0.381589	0.387270	0.385681	0.398140	0.386394	0.400902	0.421386	0.398638
39000	1.7301	0.2209	0.2229	0.2032	0.2204	0.2157	0.2102	0.2163	0.2205	0.9298	0.9269	0.9441	0.9269	0.9303	0.9326	0.9292	0.9291	0.381459	0.387071	0.385774	0.398391	0.386938	0.400891	0.422171	0.398894
40000	1.7318	0.2213	0.2231	0.2030	0.2204	0.2158	0.2107	0.2166	0.2208	0.9296	0.9268	0.9444	0.9269	0.9302	0.9324	0.9290	0.9289	0.381249	0.386811	0.385757	0.398522	0.387317	0.400760	0.422776	0.399047
41000	1.7305	0.2213	0.2234	0.2024	0.2209	0.2157	0.2105	0.2154	0.2209	0.9296	0.9267	0.9446	0.9268	0.9302	0.9323	0.9294	0.9290	0.382332	0.387408	0.386996	0.399579	0.388526	0.401179	0.424038	0.400432
42000	1.7325	0.2218	0.2237	0.2022	0.2212	0.2161	0.2107	0.2157	0.2212	0.9293	0.9266	0.9447	0.9267	0.9300	0.9322	0.9293	0.9289	0.382854	0.387362	0.387636	0.400157	0.389143	0.400988	0.424644	0.401181
43000	1.7346	0.2222	0.2237	0.2028	0.2215	0.2162	0.2112	0.2162	0.2208	0.9291	0.9266	0.9443	0.9266	0.9300	0.9320	0.9291	0.9290	0.383318	0.387281	0.388213	0.400701	0.389703	0.400754	0.425181	0.401869
44000	1.7354	0.2221	0.2234	0.2029	0.2218	0.2159	0.2116	0.2164	0.2213	0.9291	0.9266	0.9441	0.9265	0.9300	0.9318	0.9290	0.9288	0.383720	0.387164	0.388718	0.401230	0.390205	0.400490	0.425685	0.402516
45000	1.7374	0.2228	0.2233	0.2029	0.2222	0.2160	0.2119	0.2165	0.2218	0.9288	0.9267	0.9441	0.9264	0.9299	0.9316	0.9290	0.9286	0.384042	0.387010	0.389140	0.401693	0.390646	0.400189	0.426068	0.403052
46000	1.7390	0.2229	0.2234	0.2028	0.2225	0.2164	0.2127	0.2164	0.2218	0.9286	0.9267	0.9441	0.9263	0.9297	0.9312	0.9291	0.9287	0.384338	0.386856	0.389474	0.402075	0.391028	0.399837	0.426383	0.403499
47000	1.7398	0.2229	0.2239	0.2027	0.2220	0.2167	0.2127	0.2168	0.2221	0.9286	0.9264	0.9441	0.9265	0.9297	0.9312	0.9289	0.9286	0.384587	0.386650	0.389763	0.402384	0.391360	0.399490	0.426638	0.403925
48000	1.7407	0.2232	0.2237	0.2022	0.2224	0.2173	0.2130	0.2166	0.2223	0.9284	0.9265	0.9444	0.9263	0.9294	0.9311	0.9289	0.9285	0.384774	0.386458	0.390025	0.402679	0.391662	0.399118	0.426878	0.404309
49000	1.7415	0.2234	0.2237	0.2024	0.2224	0.2176	0.2130	0.2168	0.2222	0.9283	0.9265	0.9444	0.9263	0.9293	0.9310	0.9289	0.9286	0.384841	0.386179	0.390153	0.402882	0.391840	0.398677	0.426988	0.404568
50000	1.7438	0.2236	0.2242	0.2028	0.2225	0.2184	0.2135	0.2167	0.2222	0.9281	0.9262	0.9443	0.9263	0.9291	0.9308	0.9289	0.9286	0.384955	0.385943	0.390361	0.403122	0.392066	0.398315	0.427151	0.404887
51000	1.7428	0.2236	0.2243	0.2028	0.2223	0.2181	0.2133	0.2160	0.2224	0.9281	0.9262	0.9443	0.9264	0.9291	0.9309	0.9291	0.9285	0.385809	0.386645	0.391412	0.404233	0.392691	0.399241	0.427831	0.406011
52000	1.7435	0.2237	0.2242	0.2027	0.2221	0.2186	0.2138	0.2160	0.2224	0.9280	0.9262	0.9443	0.9264	0.9290	0.9307	0.9291	0.9285	0.386151	0.386709	0.391869	0.404806	0.392759	0.399683	0.427955	0.406578
53000	1.7448	0.2238	0.2244	0.2028	0.2221	0.2187	0.2142	0.2166	0.2223	0.9279	0.9261	0.9443	0.9264	0.9289	0.9305	0.9289	0.9286	0.386409	0.386713	0.392246	0.405320	0.392807	0.400027	0.428008	0.407076
54000	1.7451	0.2239	0.2242	0.2026	0.2222	0.2189	0.2143	0.2168	0.2223	0.9279	0.9262	0.9443	0.9264	0.9289	0.9304	0.9288	0.9288	0.386595	0.386638	0.392518	0.405747	0.392796	0.400311	0.428001	0.407487
55000	1.7459	0.2240	0.2242	0.2030	0.2225	0.2189	0.2143	0.2169	0.2220	0.9278	0.9261	0.9440	0.9262	0.9289	0.9304	0.9287	0.9292	0.386745	0.386496	0.392710	0.406091	0.392721	0.400555	0.427908	0.407792
56000	1.7456	0.2237	0.2242	0.2032	0.2224	0.2193	0.2146	0.2170	0.2213	0.9279	0.9261	0.9439	0.9264	0.9287	0.9303	0.9287	0.9297	0.386879	0.386346	0.392899	0.406424	0.392669	0.400778	0.427848	0.408117
57000	1.7469	0.2240	0.2246	0.2038	0.2221	0.2197	0.2148	0.2170	0.2209	0.9277	0.9260	0.9435	0.9268	0.9286	0.9302	0.9287	0.9301	0.387000	0.386211	0.393070	0.406733	0.392595	0.400988	0.427782	0.408415
58000	1.7478	0.2242	0.2249	0.2037	0.2216	0.2199	0.2152	0.2173	0.2211	0.9276	0.9259	0.9435	0.9272	0.9286	0.9300	0.9285	0.9302	0.387205	0.386114	0.393309	0.407122	0.392576	0.401281	0.427754	0.408794
59000	1.7473	0.2242	0.2244	0.2040	0.2212	0.2199	0.2157	0.2174	0.2205	0.9276	0.9261	0.9432	0.9276	0.9286	0.9298	0.9285	0.9307	0.387444	0.386033	0.393539	0.407513	0.392567	0.401590	0.427766	0.409157
60000	1.7469	0.2241	0.2248	0.2044	0.2204	0.2202	0.2155	0.2174	0.2202	0.9276	0.9259	0.9429	0.9282	0.9285	0.9298	0.9287	0.9311	0.387622	0.385951	0.393677	0.407814	0.392495	0.401806	0.427692	0.409462
61000	1.7469	0.2240	0.2251	0.2046	0.2207	0.2200	0.2158	0.2167	0.2200	0.9276	0.9258	0.9427	0.9281	0.9286	0.9297	0.9289	0.9314	0.388821	0.386718	0.394732	0.408948	0.393163	0.402560	0.428834	0.410511
62000	1.7470	0.2237	0.2251	0.2053	0.2205	0.2203	0.2162	0.2162	0.2198	0.9277	0.9258	0.9424	0.9283	0.9285	0.9297	0.9294	0.9316	0.389627	0.386971	0.395408	0.409753	0.393424	0.402967	0.429508	0.411084
63000	1.7460	0.2234	0.2252	0.2053	0.2200	0.2200	0.2163	0.2160	0.2198	0.9278	0.9258	0.9423	0.9286	0.9286	0.9297	0.9298	0.9318	0.390232	0.387014	0.395915	0.410365	0.393546	0.403233	0.429967	0.411456
64000	1.7457	0.2235	0.2254	0.2058	0.2200	0.2198	0.2162	0.2155	0.2194	0.9277	0.9257	0.9420	0.9286	0.9287	0.9297	0.9303	0.9320	0.390863	0.387048	0.396428	0.411010	0.393691	0.403514	0.430474	0.411838
65000	1.7450	0.2233	0.2255	0.2062	0.2196	0.2195	0.2165	0.2152	0.2191	0.9278	0.9257	0.9417	0.9288	0.9288	0.9296	0.9306	0.9323	0.391531	0.387148	0.396983	0.411719	0.393911	0.403826	0.431041	0.412286
66000	1.7453	0.2236	0.2258	0.2065	0.2194	0.2197	0.2165	0.2150	0.2187	0.9276	0.9256	0.9416	0.9290	0.9287	0.9296	0.9309	0.9325	0.392081	0.387145	0.397407	0.412340	0.394035	0.404046	0.431511	0.412593
67000	1.7456	0.2233	0.2258	0.2070	0.2192	0.2200	0.2165	0.2147	0.2191	0.9277	0.9256	0.9413	0.9291	0.9286	0.9297	0.9313	0.9325	0.392566	0.387083	0.397810	0.412874	0.394119	0.404207	0.431922	0.412861
68000	1.7450	0.2231	0.2256	0.2072	0.2193	0.2199	0.2166	0.2145	0.2189	0.9278	0.9257	0.9411	0.9293	0.9286	0.9297	0.9316	0.9327	0.393075	0.387064	0.398236	0.413466	0.394257	0.404404	0.432359	0.413171
69000	1.7452	0.2229	0.2259	0.2074	0.2194	0.2197	0.2168	0.2142	0.2188	0.9278	0.9255	0.9409	0.9294	0.9287	0.9297	0.9318	0.9328	0.393538	0.387039	0.398641	0.414048	0.394372	0.404572	0.432806	0.413450
70000	1.7452	0.2228	0.2260	0.2076	0.2193	0.2201	0.2168	0.2139	0.2188	0.9279	0.9254	0.9407	0.9297	0.9286	0.9297	0.9321	0.9329	0.393990	0.387005	0.399030	0.414637	0.394473	0.404715	0.433245	0.413717
71000	1.7453	0.2227	0.2261	0.2078	0.2191	0.2203	0.2170	0.2134	0.2189	0.9279	0.9254	0.9406	0.9298	0.9285	0.9296	0.9325	0.9329	0.395021	0.387723	0.400352	0.415614	0.395051	0.405630	0.433940	0.414796
72000	1.7455	0.2228	0.2262	0.2082	0.2188	0.2205	0.2173	0.2130	0.2187	0.9278	0.9253	0.9403	0.9300	0.9284	0.9295	0.9328	0.9330	0.395658	0.387980	0.401262	0.416195	0.395238	0.406177	0.434112	0.415416
73000	1.7459	0.2233	0.2262	0.2082	0.2188	0.2203	0.2173	0.2129	0.2188	0.9276	0.9253	0.9402	0.9301	0.9286	0.9295	0.9330	0.9329	0.396222	0.388208	0.402100	0.416769	0.395414	0.406698	0.434317	0.416008
74000	1.7464	0.2233	0.2263	0.2086	0.2190	0.2203	0.2174	0.2128	0.2187	0.9276	0.9253	0.9399	0.9301	0.9286	0.9296	0.9332	0.9330	0.396638	0.388293	0.402809	0.417185	0.395462	0.407070	0.434367	0.416432
75000	1.7456	0.2232	0.2261	0.2088	0.2188	0.2202	0.2175	0.2125	0.2185	0.9276	0.9254	0.9397	0.9303	0.9286	0.9297	0.9336	0.9332	0.397057	0.388432	0.403543	0.417654	0.395567	0.407489	0.434485	0.416889
76000	1.7456	0.2233	0.2263	0.2090	0.2186	0.2200	0.2176	0.2124	0.2185	0.9276	0.9253	0.9395	0.9305	0.9287	0.9297	0.9338	0.9333	0.397453	0.388548	0.404255	0.418095	0.395647	0.407865	0.434593	0.417277
77000	1.7457	0.2234	0.2263	0.2092	0.2186	0.2200	0.2177	0.2122	0.2183	0.9275	0.9253	0.9393	0.9306	0.9287	0.9297	0.9340	0.9334	0.397760	0.388615	0.404891	0.418463	0.395677	0.408205	0.434659	0.417635
78000	1.7455	0.2236	0.2266	0.2095	0.2183	0.2199	0.2176	0.2121	0.2180	0.9275	0.9252	0.9391	0.9308	0.9287	0.9297	0.9342	0.9335	0.398046	0.388643	0.405495	0.418817	0.395698	0.408527	0.434697	0.417956
79000	1.7447	0.2236	0.2265	0.2095	0.2183	0.2197	0.2175	0.2119	0.2178	0.9275	0.9252	0.9390	0.9309	0.9288	0.9299	0.9344	0.9336	0.398309	0.388652	0.406079	0.419157	0.395707	0.408824	0.434739	0.418249
80000	1.7443	0.2237	0.2266	0.2097	0.2178	0.2195	0.2175	0.2116	0.2179	0.9274	0.9251	0.9389	0.9312	0.9290	0.9300	0.9347	0.9336	0.398546	0.388629	0.406631	0.419472	0.395712	0.409096	0.434773	0.418524
81000	1.7439	0.2238	0.2267	0.2099	0.2180	0.2191	0.2176	0.2112	0.2177	0.9273	0.9251	0.9387	0.9311	0.9291	0.9299	0.9350	0.9337	0.399388	0.389563	0.407741	0.420232	0.396231	0.409979	0.435244	0.419398
82000	1.7443	0.2239	0.2265	0.2100	0.2181	0.2194	0.2177	0.2110	0.2176	0.9272	0.9251	0.9385	0.9311	0.9290	0.9298	0.9352	0.9337	0.399832	0.389946	0.408475	0.420628	0.396400	0.410518	0.435257	0.419897
83000	1.7445	0.2242	0.2264	0.2101	0.2181	0.2196	0.2177	0.2109	0.2174	0.9271	0.9251	0.9384	0.9310	0.9290	0.9298	0.9354	0.9339	0.400228	0.390254	0.409165	0.420980	0.396544	0.411022	0.435235	0.420361
84000	1.7442	0.2239	0.2264	0.2103	0.2181	0.2197	0.2178	0.2107	0.2174	0.9272	0.9251	0.9382	0.9310	0.9290	0.9297	0.9357	0.9339	0.400584	0.390527	0.409838	0.421323	0.396634	0.411511	0.435199	0.420806
85000	1.7442	0.2239	0.2264	0.2103	0.2181	0.2197	0.2179	0.2101	0.2177	0.9272	0.9252	0.9381	0.9310	0.9290	0.9296	0.9361	0.9338	0.400921	0.390778	0.410481	0.421663	0.396751	0.411998	0.435156	0.421236
86000	1.7440	0.2238	0.2263	0.2105	0.2181	0.2198	0.2182	0.2098	0.2175	0.9272	0.9253	0.9380	0.9310	0.9290	0.9295	0.9364	0.9340	0.401226	0.390994	0.411105	0.421971	0.396860	0.412453	0.435100	0.421607
87000	1.7442	0.2235	0.2261	0.2109	0.2183	0.2199	0.2183	0.2098	0.2174	0.9273	0.9255	0.9378	0.9309	0.9290	0.9295	0.9365	0.9341	0.401470	0.391178	0.411640	0.422216	0.396916	0.412848	0.434993	0.421928
88000	1.7447	0.2235	0.2261	0.2111	0.2182	0.2201	0.2185	0.2098	0.2174	0.9273	0.9255	0.9376	0.9309	0.9289	0.9294	0.9367	0.9341	0.401688	0.391342	0.412153	0.422475	0.396945	0.413226	0.434875	0.422232
89000	1.7452	0.2238	0.2261	0.2113	0.2183	0.2203	0.2187	0.2097	0.2172	0.9271	0.9256	0.9375	0.9309	0.9289	0.9293	0.9369	0.9343	0.401869	0.391490	0.412623	0.422693	0.396974	0.413583	0.434735	0.422508
90000	1.7449	0.2238	0.2259	0.2113	0.2181	0.2204	0.2189	0.2095	0.2169	0.9272	0.9257	0.9374	0.9309	0.9288	0.9292	0.9370	0.9345	0.402075	0.391614	0.413130	0.422928	0.397023	0.413958	0.434616	0.422808
91000	1.7444	0.2240	0.2260	0.2111	0.2184	0.2205	0.2189	0.2090	0.2166	0.9271	0.9257	0.9374	0.9309	0.9288	0.9291	0.9374	0.9346	0.402989	0.392374	0.414242	0.423691	0.397563	0.414871	0.435189	0.423670
92000	1.7440	0.2241	0.2259	0.2110	0.2182	0.2203	0.2189	0.2088	0.2167	0.9270	0.9257	0.9374	0.9310	0.9289	0.9291	0.9377	0.9346	0.403584	0.392688	0.415059	0.424187	0.397778	0.415522	0.435429	0.424237
93000	1.7440	0.2243	0.2257	0.2109	0.2180	0.2207	0.2191	0.2085	0.2167	0.9269	0.9258	0.9375	0.9312	0.9288	0.9290	0.9379	0.9347	0.404141	0.392959	0.415826	0.424664	0.397936	0.416126	0.435624	0.424777
94000	1.7436	0.2244	0.2259	0.2107	0.2179	0.2206	0.2190	0.2085	0.2167	0.9269	0.9257	0.9377	0.9313	0.9288	0.9290	0.9381	0.9347	0.404644	0.393187	0.416535	0.425087	0.398076	0.416689	0.435791	0.425254
95000	1.7428	0.2244	0.2259	0.2104	0.2179	0.2207	0.2186	0.2082	0.2167	0.9269	0.9257	0.9379	0.9315	0.9288	0.9292	0.9383	0.9347	0.405102	0.393404	0.417183	0.425465	0.398185	0.417221	0.435954	0.425680
96000	1.7423	0.2247	0.2258	0.2104	0.2178	0.2207	0.2183	0.2078	0.2166	0.9268	0.9258	0.9379	0.9316	0.9288	0.9293	0.9385	0.9348	0.405561	0.393583	0.417798	0.425846	0.398305	0.417719	0.436096	0.426087
97000	1.7416	0.2248	0.2257	0.2104	0.2177	0.2207	0.2180	0.2077	0.2166	0.9268	0.9258	0.9379	0.9318	0.9289	0.9294	0.9388	0.9348	0.406025	0.393796	0.418415	0.426219	0.398435	0.418222	0.436229	0.426517
98000	1.7412	0.2247	0.2256	0.2106	0.2176	0.2206	0.2181	0.2076	0.2165	0.9268	0.9259	0.9379	0.9319	0.9290	0.9294	0.9389	0.9349	0.406399	0.393908	0.418965	0.426537	0.398517	0.418642	0.436294	0.426875
99000	1.7410	0.2248	0.2256	0.2105	0.2177	0.2205	0.2180	0.2073	0.2166	0.9268	0.9259	0.9379	0.9319	0.9290	0.9294	0.9392	0.9349	0.406789	0.394057	0.419531	0.426880	0.398610	0.419084	0.436402	0.427250
100000	1.7405	0.2248	0.2253	0.2105	0.2176	0.2207	0.2179	0.2072	0.2165	0.9268	0.9259	0.9380	0.9321	0.9290	0.9295	0.9394	0.9350	0.407147	0.394182	0.420056	0.427182	0.398693	0.419487	0.436464	0.427591
101000	1.7402	0.2249	0.2252	0.2106	0.2175	0.2204	0.2182	0.2070	0.2164	0.9268	0.9260	0.9380	0.9322	0.9291	0.9293	0.9395	0.9351	0.408090	0.395009	0.421213	0.428068	0.399376	0.420470	0.437216	0.428559
102000	1.7395	0.2250	0.2252	0.2105	0.2172	0.2204	0.2182	0.2069	0.2162	0.9267	0.9260	0.9381	0.9324	0.9291	0.9293	0.9396	0.9352	0.408741	0.395464	0.421999	0.428675	0.399774	0.421141	0.437629	0.429205
103000	1.7388	0.2248	0.2252	0.2105	0.2170	0.2205	0.2181	0.2069	0.2160	0.9267	0.9260	0.9382	0.9326	0.9291	0.9293	0.9396	0.9353	0.409314	0.395825	0.422692	0.429191	0.400085	0.421710	0.437954	0.429747
104000	1.7386	0.2248	0.2254	0.2104	0.2168	0.2204	0.2182	0.2068	0.2158	0.9267	0.9259	0.9384	0.9327	0.9292	0.9293	0.9397	0.9355	0.409823	0.396132	0.423307	0.429668	0.400370	0.422221	0.438245	0.430221
105000	1.7378	0.2248	0.2253	0.2102	0.2166	0.2204	0.2182	0.2066	0.2156	0.9267	0.9260	0.9385	0.9328	0.9292	0.9293	0.9399	0.9355	0.410265	0.396414	0.423871	0.430091	0.400623	0.422691	0.438498	0.430630
106000	1.7376	0.2249	0.2251	0.2100	0.2165	0.2204	0.2182	0.2068	0.2158	0.9267	0.9260	0.9388	0.9330	0.9292	0.9292	0.9398	0.9355	0.410679	0.396663	0.424412	0.430491	0.400848	0.423106	0.438738	0.431006
107000	1.7373	0.2249	0.2253	0.2097	0.2165	0.2202	0.2181	0.2068	0.2158	0.9267	0.9260	0.9390	0.9331	0.9293	0.9293	0.9398	0.9355	0.411091	0.396923	0.424945	0.430893	0.401067	0.423550	0.438984	0.431398
108000	1.7377	0.2249	0.2253	0.2097	0.2165	0.2203	0.2182	0.2070	0.2160	0.9267	0.9260	0.9390	0.9332	0.9293	0.9292	0.9398	0.9355	0.411476	0.397186	0.425443	0.431289	0.401254	0.423951	0.439217	0.431763
109000	1.7375	0.2248	0.2251	0.2097	0.2166	0.2203	0.2184	0.2068	0.2159	0.9267	0.9261	0.9391	0.9332	0.9293	0.9292	0.9399	0.9355	0.411821	0.397417	0.425917	0.431621	0.401421	0.424313	0.439423	0.432104
110000	1.7371	0.2248	0.2250	0.2097	0.2165	0.2201	0.2183	0.2067	0.2159	0.9267	0.9262	0.9391	0.9333	0.9294	0.9292	0.9399	0.9355	0.412122	0.397633	0.426333	0.431920	0.401547	0.424638	0.439604	0.432387
111000	1.7375	0.2248	0.2251	0.2099	0.2166	0.2201	0.2183	0.2067	0.2159	0.9267	0.9262	0.9390	0.9333	0.9294	0.9292	0.9399	0.9356	0.413084	0.398477	0.427406	0.432773	0.402141	0.425482	0.440170	0.433165
112000	1.7374	0.2249	0.2250	0.2100	0.2162	0.2202	0.2184	0.2069	0.2158	0.9266	0.9262	0.9390	0.9335	0.9293	0.9292	0.9398	0.9357	0.413749	0.398970	0.428150	0.433346	0.402437	0.426023	0.440406	0.433627
113000	1.7378	0.2251	0.2253	0.2100	0.2161	0.2201	0.2184	0.2071	0.2158	0.9265	0.9261	0.9390	0.9337	0.9294	0.9291	0.9398	0.9357	0.414306	0.399358	0.428788	0.433796	0.402661	0.426449	0.440549	0.433965
114000	1.7369	0.2250	0.2251	0.2098	0.2160	0.2199	0.2184	0.2070	0.2155	0.9266	0.9262	0.9391	0.9338	0.9294	0.9291	0.9398	0.9359	0.414785	0.399684	0.429356	0.434224	0.402848	0.426819	0.440661	0.434268
115000	1.7368	0.2253	0.2252	0.2096	0.2159	0.2200	0.2185	0.2070	0.2155	0.9265	0.9262	0.9391	0.9339	0.9294	0.9291	0.9399	0.9360	0.415210	0.399970	0.429857	0.434600	0.403018	0.427151	0.440744	0.434508
116000	1.7369	0.2255	0.2252	0.2095	0.2156	0.2202	0.2186	0.2069	0.2154	0.9264	0.9263	0.9391	0.9341	0.9293	0.9290	0.9400	0.9360	0.415602	0.400233	0.430347	0.434946	0.403161	0.427435	0.440794	0.434722
117000	1.7370	0.2254	0.2253	0.2096	0.2155	0.2204	0.2186	0.2069	0.2153	0.9265	0.9263	0.9391	0.9343	0.9292	0.9290	0.9400	0.9361	0.415964	0.400468	0.430795	0.435269	0.403279	0.427690	0.440812	0.434910
118000	1.7366	0.2254	0.2254	0.2095	0.2154	0.2203	0.2186	0.2068	0.2153	0.9265	0.9262	0.9391	0.9344	0.9293	0.9290	0.9400	0.9362	0.416307	0.400699	0.431255	0.435590	0.403389	0.427945	0.440826	0.435111
119000	1.7361	0.2254	0.2251	0.2094	0.2153	0.2203	0.2186	0.2067	0.2153	0.9265	0.9263	0.9391	0.9344	0.9293	0.9290	0.9401	0.9362	0.416626	0.400910	0.431703	0.435890	0.403497	0.428172	0.440844	0.435271
120000	1.7358	0.2254	0.2251	0.2094	0.2151	0.2203	0.2187	0.2067	0.2151	0.9265	0.9264	0.9392	0.9347	0.9293	0.9289	0.9401	0.9364	0.416906	0.401074	0.432107	0.436150	0.403562	0.428362	0.440827	0.435406
121000	1.7360	0.2255	0.2254	0.2094	0.2150	0.2202	0.2188	0.2067	0.2151	0.9264	0.9263	0.9391	0.9347	0.9293	0.9289	0.9402	0.9364	0.417894	0.401813	0.433156	0.437073	0.404205	0.429331	0.441350	0.436261
122000	1.7360	0.2253	0.2254	0.2094	0.2149	0.2204	0.2190	0.2066	0.2150	0.9265	0.9263	0.9391	0.9348	0.9293	0.9288	0.9402	0.9365	0.418571	0.402242	0.433889	0.437698	0.404568	0.429997	0.441557	0.436797
123000	1.7357	0.2253	0.2255	0.2094	0.2147	0.2203	0.2189	0.2066	0.2150	0.9265	0.9263	0.9391	0.9349	0.9293	0.9288	0.9403	0.9365	0.419123	0.402570	0.434527	0.438241	0.404831	0.430556	0.441668	0.437237
124000	1.7354	0.2253	0.2255	0.2094	0.2146	0.2202	0.2189	0.2064	0.2151	0.9265	0.9263	0.9391	0.9350	0.9293	0.9288	0.9404	0.9365	0.419610	0.402853	0.435130	0.438738	0.405087	0.431074	0.441759	0.437623
125000	1.7354	0.2251	0.2254	0.2094	0.2147	0.2203	0.2188	0.2063	0.2152	0.9265	0.9264	0.9391	0.9350	0.9293	0.9288	0.9404	0.9365	0.420073	0.403131	0.435713	0.439227	0.405313	0.431577	0.441859	0.437986
126000	1.7349	0.2250	0.2254	0.2092	0.2145	0.2203	0.2190	0.2063	0.2151	0.9265	0.9264	0.9392	0.9351	0.9293	0.9288	0.9405	0.9366	0.420472	0.403346	0.436239	0.439639	0.405483	0.431991	0.441909	0.438282
127000	1.7348	0.2250	0.2254	0.2092	0.2143	0.2205	0.2191	0.2064	0.2150	0.9266	0.9265	0.9392	0.9353	0.9292	0.9287	0.9405	0.9367	0.420819	0.403534	0.436706	0.440012	0.405619	0.432358	0.441927	0.438513
128000	1.7341	0.2249	0.2253	0.2090	0.2141	0.2204	0.2190	0.2065	0.2149	0.9266	0.9266	0.9393	0.9355	0.9293	0.9287	0.9405	0.9367	0.421140	0.403699	0.437146	0.440333	0.405758	0.432700	0.441915	0.438733
129000	1.7338	0.2248	0.2252	0.2091	0.2139	0.2204	0.2192	0.2066	0.2148	0.9266	0.9267	0.9393	0.9356	0.9293	0.9286	0.9404	0.9368	0.421456	0.403876	0.437601	0.440693	0.405892	0.433060	0.441944	0.438983
130000	1.7335	0.2248	0.2250	0.2090	0.2137	0.2204	0.2193	0.2065	0.2147	0.9266	0.9268	0.9393	0.9358	0.9292	0.9286	0.9405	0.9369	0.421778	0.404054	0.438047	0.441043	0.406022	0.433410	0.441952	0.439226
131000	1.7333	0.2248	0.2248	0.2090	0.2136	0.2205	0.2194	0.2065	0.2147	0.9266	0.9269	0.9393	0.9358	0.9292	0.9285	0.9406	0.9370	0.422848	0.404804	0.439299	0.442043	0.406596	0.434517	0.442355	0.440331
132000	1.7327	0.2247	0.2245	0.2089	0.2135	0.2205	0.2195	0.2065	0.2146	0.9267	0.9272	0.9394	0.9359	0.9292	0.9285	0.9406	0.9371	0.423587	0.405222	0.440209	0.442716	0.406888	0.435308	0.442488	0.441078
133000	1.7321	0.2246	0.2242	0.2087	0.2135	0.2205	0.2195	0.2066	0.2145	0.9267	0.9274	0.9395	0.9358	0.9293	0.9285	0.9405	0.9372	0.424260	0.405582	0.441039	0.443340	0.407139	0.436042	0.442597	0.441779
134000	1.7316	0.2247	0.2239	0.2085	0.2136	0.2203	0.2195	0.2066	0.2145	0.9267	0.9276	0.9396	0.9359	0.9293	0.9285	0.9405	0.9372	0.424878	0.405887	0.441796	0.443881	0.407341	0.436695	0.442657	0.442405
135000	1.7314	0.2249	0.2239	0.2085	0.2135	0.2201	0.2194	0.2067	0.2144	0.9266	0.9277	0.9396	0.9359	0.9294	0.9285	0.9405	0.9373	0.425461	0.406152	0.442507	0.444360	0.407490	0.437283	0.442676	0.443004
136000	1.7310	0.2249	0.2239	0.2086	0.2135	0.2199	0.2194	0.2066	0.2143	0.9266	0.9279	0.9396	0.9359	0.9295	0.9285	0.9405	0.9374	0.425986	0.406383	0.443161	0.444809	0.407625	0.437844	0.442685	0.443559
137000	1.7308	0.2249	0.2239	0.2086	0.2133	0.2199	0.2194	0.2067	0.2141	0.9266	0.9280	0.9395	0.9360	0.9295	0.9285	0.9405	0.9375	0.426474	0.406573	0.443763	0.445204	0.407711	0.438348	0.442653	0.444066
138000	1.7303	0.2250	0.2235	0.2085	0.2132	0.2200	0.2193	0.2068	0.2140	0.9265	0.9282	0.9396	0.9361	0.9295	0.9285	0.9405	0.9376	0.426934	0.406760	0.444361	0.445564	0.407803	0.438848	0.442613	0.444552
139000	1.7302	0.2250	0.2234	0.2085	0.2132	0.2198	0.2195	0.2068	0.2138	0.9265	0.9283	0.9396	0.9361	0.9296	0.9284	0.9405	0.9377	0.427386	0.406961	0.444958	0.445940	0.407916	0.439350	0.442576	0.445049
140000	1.7296	0.2250	0.2233	0.2084	0.2130	0.2199	0.2195	0.2069	0.2136	0.9265	0.9285	0.9396	0.9362	0.9295	0.9284	0.9405	0.9378	0.427809	0.407122	0.445523	0.446297	0.407999	0.439806	0.442537	0.445499
141000	1.7291	0.2250	0.2229	0.2083	0.2132	0.2199	0.2195	0.2068	0.2135	0.9265	0.9288	0.9396	0.9361	0.9296	0.9284	0.9405	0.9379	0.428659	0.407801	0.446606	0.447057	0.408302	0.440691	0.442817	0.446492
142000	1.7290	0.2249	0.2229	0.2085	0.2133	0.2198	0.2195	0.2068	0.2134	0.9265	0.9289	0.9396	0.9361	0.9296	0.9284	0.9405	0.9380	0.429227	0.408193	0.447401	0.447581	0.408386	0.441317	0.442836	0.447177
143000	1.7289	0.2251	0.2227	0.2085	0.2132	0.2198	0.2195	0.2068	0.2134	0.9265	0.9291	0.9395	0.9362	0.9296	0.9284	0.9405	0.9381	0.429768	0.408543	0.448191	0.448072	0.408458	0.441873	0.442850	0.447822
144000	1.7285	0.2251	0.2224	0.2084	0.2132	0.2198	0.2194	0.2068	0.2133	0.9265	0.9293	0.9395	0.9361	0.9296	0.9284	0.9405	0.9382	0.430224	0.408830	0.448890	0.448497	0.408480	0.442359	0.442809	0.448386
145000	1.7286	0.2251	0.2223	0.2084	0.2133	0.2199	0.2194	0.2068	0.2133	0.9265	0.9294	0.9395	0.9361	0.9296	0.9284	0.9405	0.9382	0.430660	0.409087	0.449533	0.448897	0.408483	0.442795	0.442735	0.448898
146000	1.7280	0.2251	0.2222	0.2084	0.2132	0.2199	0.2194	0.2066	0.2133	0.9265	0.9296	0.9395	0.9361	0.9296	0.9285	0.9406	0.9383	0.431056	0.409307	0.450135	0.449265	0.408476	0.443198	0.442635	0.449374
147000	1.7279	0.2251	0.2219	0.2085	0.2132	0.2199	0.2195	0.2067	0.2131	0.9265	0.9298	0.9395	0.9361	0.9296	0.9284	0.9406	0.9384	0.431452	0.409512	0.450738	0.449623	0.408448	0.443583	0.442523	0.449833
148000	1.7275	0.2252	0.2216	0.2084	0.2131	0.2199	0.2195	0.2067	0.2131	0.9265	0.9300	0.9395	0.9362	0.9296	0.9284	0.9406	0.9385	0.431826	0.409712	0.451313	0.449968	0.408421	0.443980	0.442394	0.450250
149000	1.7270	0.2251	0.2216	0.2084	0.2131	0.2198	0.2194	0.2067	0.2130	0.9265	0.9301	0.9395	0.9362	0.9297	0.9284	0.9406	0.9385	0.432186	0.409891	0.451844	0.450265	0.408372	0.444322	0.442263	0.450636
150000	1.7269	0.2251	0.2215	0.2083	0.2130	0.2199	0.2194	0.2067	0.2129	0.9265	0.9303	0.9396	0.9362	0.9297	0.9284	0.9406	0.9386	0.432507	0.410054	0.452356	0.450554	0.408318	0.444641	0.442097	0.450981
151000	1.7268	0.2252	0.2213	0.2083	0.2130	0.2198	0.2194	0.2070	0.2127	0.9265	0.9304	0.9396	0.9362	0.9297	0.9284	0.9404	0.9387	0.433399	0.410677	0.453362	0.451394	0.408729	0.445595	0.442292	0.451753
152000	1.7264	0.2252	0.2212	0.2083	0.2131	0.2197	0.2194	0.2069	0.2127	0.9265	0.9306	0.9396	0.9361	0.9297	0.9285	0.9405	0.9388	0.434014	0.411000	0.454063	0.451984	0.408921	0.446268	0.442216	0.452250
153000	1.7260	0.2253	0.2209	0.2083	0.2131	0.2197	0.2191	0.2069	0.2127	0.9265	0.9308	0.9396	0.9361	0.9298	0.9288	0.9405	0.9389	0.434566	0.411286	0.454676	0.452527	0.409073	0.446869	0.442120	0.452679
154000	1.7257	0.2253	0.2208	0.2083	0.2130	0.2197	0.2191	0.2068	0.2126	0.9264	0.9310	0.9395	0.9362	0.9297	0.9288	0.9406	0.9389	0.435052	0.411550	0.455241	0.453046	0.409213	0.447443	0.442010	0.453065
155000	1.7256	0.2254	0.2207	0.2083	0.2130	0.2197	0.2189	0.2068	0.2127	0.9264	0.9311	0.9395	0.9362	0.9298	0.9290	0.9406	0.9389	0.435502	0.411766	0.455740	0.453527	0.409298	0.447959	0.441863	0.453411
156000	1.7251	0.2255	0.2206	0.2081	0.2131	0.2196	0.2187	0.2068	0.2127	0.9264	0.9312	0.9396	0.9362	0.9298	0.9292	0.9406	0.9389	0.435982	0.412024	0.456294	0.454050	0.409423	0.448521	0.441767	0.453809
157000	1.7244	0.2254	0.2205	0.2079	0.2130	0.2196	0.2186	0.2068	0.2127	0.9264	0.9314	0.9396	0.9362	0.9298	0.9294	0.9406	0.9389	0.436392	0.412243	0.456792	0.454530	0.409524	0.449034	0.441634	0.454131
158000	1.7238	0.2254	0.2203	0.2078	0.2129	0.2197	0.2184	0.2066	0.2126	0.9264	0.9315	0.9397	0.9362	0.9298	0.9296	0.9406	0.9390	0.436748	0.412406	0.457237	0.454957	0.409569	0.449496	0.441453	0.454405
159000	1.7238	0.2255	0.2203	0.2077	0.2130	0.2197	0.2182	0.2066	0.2127	0.9264	0.9316	0.9397	0.9362	0.9298	0.9297	0.9406	0.9390	0.437110	0.412585	0.457716	0.455411	0.409629	0.449964	0.441295	0.454692
160000	1.7231	0.2255	0.2200	0.2075	0.2130	0.2198	0.2181	0.2065	0.2127	0.9264	0.9318	0.9398	0.9361	0.9298	0.9298	0.9407	0.9390	0.437460	0.412767	0.458174	0.455879	0.409688	0.450422	0.441128	0.454978
161000	1.7225	0.2255	0.2199	0.2074	0.2131	0.2196	0.2180	0.2065	0.2126	0.9264	0.9320	0.9399	0.9361	0.9298	0.9299	0.9407	0.9391	0.438467	0.413236	0.459307	0.456748	0.410106	0.451303	0.441399	0.455903
162000	1.7222	0.2255	0.2197	0.2073	0.2132	0.2197	0.2178	0.2064	0.2126	0.9264	0.9321	0.9400	0.9360	0.9298	0.9301	0.9407	0.9391	0.439167	0.413427	0.460086	0.457343	0.410292	0.451886	0.441383	0.456520
163000	1.7219	0.2254	0.2196	0.2072	0.2131	0.2198	0.2176	0.2064	0.2128	0.9264	0.9322	0.9401	0.9360	0.9298	0.9302	0.9407	0.9391	0.439794	0.413553	0.460764	0.457858	0.410427	0.452375	0.441341	0.457033
164000	1.7216	0.2255	0.2194	0.2071	0.2132	0.2198	0.2174	0.2065	0.2127	0.9264	0.9324	0.9401	0.9359	0.9298	0.9304	0.9407	0.9391	0.440335	0.413632	0.461342	0.458302	0.410499	0.452806	0.441237	0.457466
165000	1.7216	0.2255	0.2194	0.2069	0.2134	0.2198	0.2175	0.2065	0.2127	0.9263	0.9325	0.9402	0.9358	0.9298	0.9304	0.9407	0.9391	0.440844	0.413687	0.461915	0.458729	0.410549	0.453209	0.441137	0.457900
166000	1.7210	0.2255	0.2193	0.2066	0.2133	0.2198	0.2174	0.2065	0.2126	0.9263	0.9326	0.9403	0.9358	0.9298	0.9305	0.9407	0.9393	0.441286	0.413698	0.462411	0.459117	0.410553	0.453545	0.440988	0.458273
167000	1.7208	0.2254	0.2191	0.2065	0.2135	0.2198	0.2173	0.2065	0.2127	0.9263	0.9327	0.9404	0.9357	0.9298	0.9306	0.9407	0.9393	0.441723	0.413709	0.462894	0.459490	0.410564	0.453882	0.440849	0.458640
168000	1.7207	0.2255	0.2189	0.2064	0.2136	0.2197	0.2173	0.2067	0.2127	0.9263	0.9329	0.9404	0.9357	0.9298	0.9307	0.9406	0.9393	0.442161	0.413714	0.463380	0.459885	0.410571	0.454208	0.440706	0.459001
169000	1.7202	0.2255	0.2188	0.2061	0.2137	0.2197	0.2171	0.2067	0.2125	0.9263	0.9330	0.9406	0.9356	0.9299	0.9308	0.9406	0.9394	0.442580	0.413714	0.463850	0.460239	0.410566	0.454507	0.440560	0.459333
170000	1.7200	0.2254	0.2188	0.2059	0.2139	0.2198	0.2170	0.2067	0.2126	0.9263	0.9331	0.9407	0.9355	0.9298	0.9310	0.9406	0.9395	0.443014	0.413705	0.464322	0.460606	0.410549	0.454804	0.440402	0.459664
171000	1.7197	0.2253	0.2187	0.2058	0.2139	0.2198	0.2168	0.2068	0.2125	0.9263	0.9331	0.9408	0.9354	0.9298	0.9311	0.9406	0.9395	0.444038	0.414278	0.465378	0.461301	0.411047	0.455633	0.440619	0.460443
172000	1.7192	0.2254	0.2186	0.2057	0.2140	0.2198	0.2167	0.2068	0.2124	0.9263	0.9332	0.9409	0.9354	0.9298	0.9313	0.9405	0.9396	0.444777	0.414613	0.466115	0.461741	0.411316	0.456186	0.440615	0.460929
173000	1.7189	0.2254	0.2184	0.2056	0.2140	0.2198	0.2166	0.2068	0.2124	0.9263	0.9333	0.9409	0.9353	0.9299	0.9314	0.9405	0.9396	0.445407	0.414869	0.466764	0.462097	0.411520	0.456644	0.440555	0.461331
174000	1.7190	0.2254	0.2185	0.2055	0.2141	0.2198	0.2165	0.2068	0.2124	0.9263	0.9333	0.9410	0.9352	0.9299	0.9316	0.9405	0.9397	0.446002	0.415097	0.467363	0.462453	0.411692	0.457065	0.440464	0.461700
175000	1.7190	0.2254	0.2184	0.2053	0.2142	0.2199	0.2164	0.2069	0.2124	0.9263	0.9334	0.9411	0.9352	0.9298	0.9317	0.9404	0.9396	0.446533	0.415270	0.467897	0.462756	0.411823	0.457435	0.440322	0.462006
176000	1.7190	0.2255	0.2184	0.2052	0.2142	0.2200	0.2164	0.2070	0.2125	0.9263	0.9334	0.9412	0.9351	0.9298	0.9318	0.9404	0.9396	0.447019	0.415414	0.468400	0.463043	0.411938	0.457776	0.440176	0.462272
177000	1.7187	0.2255	0.2184	0.2050	0.2141	0.2200	0.2163	0.2071	0.2125	0.9263	0.9334	0.9413	0.9351	0.9298	0.9319	0.9404	0.9396	0.447459	0.415544	0.468863	0.463283	0.412023	0.458087	0.439992	0.462486
178000	1.7181	0.2254	0.2183	0.2048	0.2143	0.2199	0.2161	0.2071	0.2123	0.9263	0.9335	0.9414	0.9350	0.9299	0.9320	0.9403	0.9397	0.447847	0.415629	0.469293	0.463474	0.412077	0.458347	0.439776	0.462657
179000	1.7177	0.2253	0.2183	0.2046	0.2143	0.2199	0.2159	0.2071	0.2123	0.9264	0.9335	0.9415	0.9350	0.9299	0.9322	0.9403	0.9398	0.448254	0.415717	0.469716	0.463657	0.412144	0.458614	0.439571	0.462816
180000	1.7172	0.2254	0.2182	0.2045	0.2144	0.2198	0.2156	0.2072	0.2122	0.9263	0.9335	0.9416	0.9350	0.9299	0.9324	0.9402	0.9398	0.448644	0.415790	0.470121	0.463845	0.412191	0.458885	0.439367	0.462968
181000	1.7171	0.2253	0.2181	0.2044	0.2144	0.2198	0.2156	0.2073	0.2123	0.9264	0.9336	0.9417	0.9349	0.9299	0.9325	0.9402	0.9398	0.449209	0.416219	0.470699	0.464261	0.412554	0.459320	0.439325	0.463405
182000	1.7168	0.2253	0.2180	0.2043	0.2143	0.2200	0.2154	0.2073	0.2122	0.9264	0.9336	0.9417	0.9349	0.9298	0.9326	0.9401	0.9399	0.449498	0.416411	0.471007	0.464436	0.412710	0.459495	0.439091	0.463550
183000	1.7165	0.2254	0.2178	0.2041	0.2143	0.2200	0.2153	0.2073	0.2122	0.9263	0.9337	0.9418	0.9349	0.9298	0.9327	0.9401	0.9399	0.449714	0.416519	0.471261	0.464568	0.412810	0.459585	0.438808	0.463610
184000	1.7165	0.2255	0.2179	0.2041	0.2143	0.2201	0.2152	0.2074	0.2121	0.9263	0.9337	0.9419	0.9348	0.9297	0.9328	0.9401	0.9399	0.449849	0.416561	0.471425	0.464641	0.412859	0.459618	0.438497	0.463627
185000	1.7168	0.2255	0.2179	0.2040	0.2145	0.2201	0.2152	0.2074	0.2122	0.9263	0.9336	0.9419	0.9348	0.9297	0.9329	0.9400	0.9399	0.449948	0.416589	0.471572	0.464671	0.412882	0.459605	0.438162	0.463603
186000	1.7169	0.2256	0.2180	0.2039	0.2146	0.2200	0.2151	0.2075	0.2122	0.9263	0.9336	0.9420	0.9347	0.9298	0.9330	0.9399	0.9399	0.450034	0.416616	0.471711	0.464701	0.412918	0.459596	0.437821	0.463593
187000	1.7164	0.2256	0.2179	0.2038	0.2145	0.2200	0.2148	0.2076	0.2121	0.9263	0.9337	0.9421	0.9347	0.9298	0.9331	0.9399	0.9399	0.450104	0.416637	0.471843	0.464732	0.412945	0.459576	0.437503	0.463583
188000	1.7159	0.2256	0.2178	0.2037	0.2145	0.2200	0.2146	0.2076	0.2120	0.9263	0.9337	0.9422	0.9347	0.9298	0.9333	0.9398	0.9399	0.450131	0.416611	0.471931	0.464720	0.412927	0.459515	0.437152	0.463524
189000	1.7154	0.2255	0.2178	0.2036	0.2145	0.2200	0.2144	0.2077	0.2120	0.9263	0.9338	0.9423	0.9347	0.9298	0.9335	0.9398	0.9400	0.450152	0.416591	0.472025	0.464705	0.412898	0.459435	0.436801	0.463470
190000	1.7153	0.2254	0.2177	0.2035	0.2145	0.2200	0.2143	0.2077	0.2121	0.9263	0.9338	0.9423	0.9346	0.9298	0.9335	0.9397	0.9399	0.450175	0.416575	0.472126	0.464714	0.412881	0.459380	0.436448	0.463433
191000	1.7152	0.2254	0.2176	0.2034	0.2146	0.2200	0.2144	0.2078	0.2120	0.9264	0.9339	0.9424	0.9346	0.9298	0.9335	0.9397	0.9400	0.450687	0.417115	0.472664	0.465141	0.413294	0.459804	0.436485	0.463895
192000	1.7148	0.2253	0.2173	0.2033	0.2148	0.2200	0.2144	0.2077	0.2120	0.9264	0.9341	0.9425	0.9345	0.9298	0.9335	0.9397	0.9400	0.450978	0.417448	0.472974	0.465366	0.413528	0.460000	0.436353	0.464140
193000	1.7148	0.2253	0.2174	0.2031	0.2147	0.2200	0.2145	0.2078	0.2120	0.9264	0.9341	0.9426	0.9345	0.9298	0.9334	0.9397	0.9400	0.451165	0.417700	0.473182	0.465495	0.413693	0.460095	0.436156	0.464301
194000	1.7148	0.2253	0.2174	0.2031	0.2148	0.2201	0.2144	0.2078	0.2119	0.9264	0.9341	0.9427	0.9344	0.9298	0.9334	0.9396	0.9400	0.451307	0.417907	0.473344	0.465597	0.413840	0.460150	0.435926	0.464409
195000	1.7149	0.2254	0.2174	0.2030	0.2148	0.2202	0.2144	0.2078	0.2119	0.9264	0.9341	0.9428	0.9344	0.9297	0.9334	0.9396	0.9400	0.451405	0.418079	0.473468	0.465672	0.413958	0.460177	0.435681	0.464481
196000	1.7149	0.2254	0.2174	0.2029	0.2149	0.2203	0.2144	0.2078	0.2119	0.9264	0.9341	0.9429	0.9343	0.9297	0.9334	0.9396	0.9400	0.451477	0.418231	0.473560	0.465710	0.414051	0.460169	0.435420	0.464522
197000	1.7149	0.2254	0.2172	0.2029	0.2149	0.2202	0.2145	0.2079	0.2119	0.9264	0.9343	0.9429	0.9343	0.9297	0.9334	0.9395	0.9400	0.451521	0.418368	0.473631	0.465738	0.414137	0.460144	0.435160	0.464546
198000	1.7147	0.2255	0.2171	0.2028	0.2149	0.2202	0.2145	0.2080	0.2117	0.9263	0.9343	0.9430	0.9343	0.9297	0.9333	0.9395	0.9401	0.451572	0.418502	0.473702	0.465763	0.414221	0.460129	0.434909	0.464570
199000	1.7145	0.2254	0.2170	0.2026	0.2149	0.2203	0.2146	0.2081	0.2116	0.9264	0.9344	0.9431	0.9343	0.9297	0.9333	0.9394	0.9402	0.451597	0.418616	0.473761	0.465771	0.414283	0.460075	0.434641	0.464572
200000	1.7143	0.2253	0.2170	0.2026	0.2148	0.2203	0.2145	0.2082	0.2115	0.9264	0.9345	0.9432	0.9343	0.9297	0.9333	0.9393	0.9402	0.451663	0.418743	0.473850	0.465811	0.414370	0.460063	0.434400	0.464590
201000	1.7143	0.2255	0.2169	0.2024	0.2149	0.2204	0.2146	0.2082	0.2115	0.9264	0.9345	0.9433	0.9342	0.9297	0.9332	0.9393	0.9402	0.452214	0.419201	0.474317	0.466233	0.414752	0.460438	0.434464	0.465078
202000	1.7141	0.2254	0.2168	0.2023	0.2149	0.2203	0.2145	0.2082	0.2116	0.9264	0.9346	0.9434	0.9342	0.9297	0.9332	0.9393	0.9403	0.452519	0.419470	0.474550	0.466443	0.414967	0.460595	0.434361	0.465346
203000	1.7140	0.2254	0.2168	0.2022	0.2149	0.2203	0.2145	0.2083	0.2115	0.9264	0.9346	0.9435	0.9342	0.9297	0.9332	0.9393	0.9403	0.452742	0.419668	0.474729	0.466600	0.415128	0.460668	0.434211	0.465524
204000	1.7141	0.2255	0.2167	0.2021	0.2150	0.2204	0.2146	0.2083	0.2115	0.9263	0.9347	0.9436	0.9342	0.9297	0.9332	0.9393	0.9403	0.452904	0.419819	0.474846	0.466696	0.415255	0.460683	0.434024	0.465665
205000	1.7138	0.2254	0.2166	0.2020	0.2150	0.2203	0.2147	0.2083	0.2115	0.9263	0.9347	0.9437	0.9342	0.9298	0.9331	0.9392	0.9403	0.453074	0.419969	0.474961	0.466791	0.415381	0.460690	0.433830	0.465787
206000	1.7136	0.2255	0.2166	0.2019	0.2149	0.2202	0.2146	0.2084	0.2115	0.9263	0.9348	0.9438	0.9342	0.9298	0.9331	0.9392	0.9404	0.453203	0.420093	0.475051	0.466859	0.415480	0.460673	0.433618	0.465856
207000	1.7134	0.2254	0.2166	0.2019	0.2149	0.2201	0.2147	0.2084	0.2114	0.9263	0.9348	0.9439	0.9342	0.9299	0.9331	0.9391	0.9404	0.453317	0.420195	0.475099	0.466906	0.415552	0.460650	0.433387	0.465904
208000	1.7135	0.2255	0.2164	0.2018	0.2150	0.2202	0.2146	0.2085	0.2115	0.9263	0.9349	0.9439	0.9341	0.9299	0.9331	0.9391	0.9404	0.453429	0.420305	0.475147	0.466960	0.415627	0.460630	0.433181	0.465949
209000	1.7134	0.2255	0.2163	0.2017	0.2150	0.2203	0.2146	0.2085	0.2115	0.9263	0.9350	0.9440	0.9341	0.9299	0.9330	0.9391	0.9404	0.453558	0.420421	0.475215	0.467026	0.415720	0.460625	0.432978	0.466006
210000	1.7132	0.2254	0.2163	0.2015	0.2150	0.2202	0.2146	0.2085	0.2116	0.9263	0.9350	0.9441	0.9341	0.9299	0.9331	0.9390	0.9404	0.453655	0.420511	0.475261	0.467070	0.415783	0.460597	0.432759	0.466032
211000	1.7133	0.2254	0.2163	0.2014	0.2150	0.2202	0.2147	0.2086	0.2116	0.9263	0.9350	0.9442	0.9341	0.9299	0.9330	0.9390	0.9404	0.454287	0.421018	0.475811	0.467628	0.416313	0.461088	0.433007	0.466537
212000	1.7134	0.2254	0.2163	0.2014	0.2152	0.2203	0.2146	0.2085	0.2116	0.9263	0.9350	0.9443	0.9340	0.9299	0.9330	0.9390	0.9404	0.454672	0.421321	0.476112	0.468007	0.416662	0.461362	0.433097	0.466819
213000	1.7134	0.2254	0.2163	0.2013	0.2153	0.2203	0.2147	0.2086	0.2116	0.9263	0.9350	0.9443	0.9339	0.9299	0.9330	0.9389	0.9404	0.454962	0.421524	0.476312	0.468289	0.416938	0.461539	0.433110	0.467003
214000	1.7130	0.2254	0.2162	0.2012	0.2152	0.2203	0.2146	0.2087	0.2117	0.9263	0.9351	0.9444	0.9340	0.9299	0.9331	0.9389	0.9404	0.455205	0.421706	0.476487	0.468532	0.417177	0.461681	0.433108	0.467149
215000	1.7130	0.2255	0.2161	0.2011	0.2152	0.2203	0.2144	0.2087	0.2116	0.9263	0.9352	0.9445	0.9340	0.9299	0.9331	0.9389	0.9404	0.455440	0.421885	0.476663	0.468779	0.417412	0.461818	0.433109	0.467289
216000	1.7128	0.2255	0.2160	0.2010	0.2153	0.2203	0.2144	0.2087	0.2115	0.9263	0.9352	0.9445	0.9339	0.9299	0.9331	0.9389	0.9405	0.455639	0.422017	0.476799	0.468974	0.417619	0.461908	0.433085	0.467389
217000	1.7129	0.2255	0.2160	0.2011	0.2152	0.2203	0.2144	0.2087	0.2116	0.9263	0.9353	0.9445	0.9339	0.9299	0.9331	0.9388	0.9404	0.455847	0.422149	0.476937	0.469166	0.417836	0.461998	0.433050	0.467487
218000	1.7128	0.2254	0.2160	0.2012	0.2152	0.2203	0.2144	0.2087	0.2116	0.9263	0.9353	0.9444	0.9339	0.9299	0.9331	0.9388	0.9405	0.456035	0.422259	0.477065	0.469361	0.418065	0.462070	0.433013	0.467564
219000	1.7127	0.2254	0.2158	0.2013	0.2151	0.2203	0.2144	0.2088	0.2116	0.9263	0.9354	0.9444	0.9339	0.9299	0.9331	0.9388	0.9405	0.456220	0.422360	0.477176	0.469528	0.418275	0.462135	0.432971	0.467644
220000	1.7129	0.2255	0.2158	0.2013	0.2151	0.2204	0.2144	0.2088	0.2115	0.9263	0.9355	0.9443	0.9339	0.9299	0.9331	0.9387	0.9406	0.456383	0.422438	0.477262	0.469671	0.418471	0.462164	0.432914	0.467693
221000	1.7130	0.2256	0.2158	0.2013	0.2152	0.2203	0.2145	0.2088	0.2115	0.9263	0.9355	0.9443	0.9339	0.9299	0.9331	0.9387	0.9406	0.456932	0.422904	0.477750	0.470158	0.419034	0.462669	0.433082	0.468138
222000	1.7130	0.2255	0.2157	0.2014	0.2152	0.2203	0.2146	0.2089	0.2114	0.9263	0.9356	0.9442	0.9339	0.9299	0.9330	0.9387	0.9406	0.457248	0.423177	0.478039	0.470436	0.419406	0.462937	0.433068	0.468372
223000	1.7127	0.2255	0.2155	0.2014	0.2152	0.2204	0.2146	0.2089	0.2113	0.9263	0.9357	0.9442	0.9339	0.9299	0.9330	0.9386	0.9407	0.457478	0.423385	0.478234	0.470634	0.419694	0.463124	0.432995	0.468532
224000	1.7127	0.2255	0.2154	0.2014	0.2152	0.2204	0.2147	0.2089	0.2112	0.9263	0.9358	0.9442	0.9339	0.9299	0.9330	0.9386	0.9408	0.457625	0.423533	0.478359	0.470748	0.419931	0.463217	0.432879	0.468607
225000	1.7126	0.2255	0.2153	0.2015	0.2153	0.2204	0.2147	0.2088	0.2111	0.9263	0.9359	0.9441	0.9338	0.9299	0.9330	0.9386	0.9408	0.457762	0.423671	0.478473	0.470839	0.420154	0.463294	0.432762	0.468664
226000	1.7124	0.2255	0.2153	0.2016	0.2152	0.2203	0.2146	0.2088	0.2111	0.9263	0.9359	0.9441	0.9339	0.9300	0.9330	0.9386	0.9409	0.457875	0.423781	0.478560	0.470917	0.420357	0.463351	0.432632	0.468697
227000	1.7125	0.2254	0.2153	0.2017	0.2152	0.2203	0.2146	0.2090	0.2111	0.9263	0.9360	0.9440	0.9338	0.9300	0.9330	0.9386	0.9409	0.457974	0.423886	0.478635	0.471003	0.420553	0.463407	0.432501	0.468729
228000	1.7125	0.2254	0.2153	0.2016	0.2151	0.2203	0.2146	0.2090	0.2111	0.9263	0.9360	0.9440	0.9339	0.9300	0.9330	0.9385	0.9409	0.458051	0.423971	0.478682	0.471050	0.420703	0.463438	0.432361	0.468721
229000	1.7126	0.2254	0.2152	0.2018	0.2152	0.2203	0.2147	0.2090	0.2110	0.9263	0.9360	0.9440	0.9339	0.9300	0.9330	0.9385	0.9410	0.458133	0.424060	0.478728	0.471095	0.420845	0.463465	0.432233	0.468719
230000	1.7124	0.2255	0.2151	0.2018	0.2151	0.2203	0.2147	0.2090	0.2109	0.9263	0.9361	0.9440	0.9339	0.9300	0.9330	0.9385	0.9411	0.458203	0.424129	0.478766	0.471122	0.420991	0.463471	0.432096	0.468712
231000	1.7127	0.2255	0.2152	0.2018	0.2152	0.2202	0.2148	0.2091	0.2109	0.9263	0.9361	0.9439	0.9338	0.9300	0.9330	0.9384	0.9411	0.458811	0.424690	0.479331	0.471683	0.421607	0.464086	0.432332	0.469222
232000	1.7128	0.2255	0.2151	0.2019	0.2152	0.2202	0.2148	0.2092	0.2110	0.9263	0.9361	0.9439	0.9338	0.9301	0.9330	0.9384	0.9411	0.459186	0.425036	0.479663	0.472011	0.422038	0.464440	0.432423	0.469526
233000	1.7129	0.2255	0.2151	0.2018	0.2152	0.2202	0.2149	0.2092	0.2110	0.9263	0.9361	0.9439	0.9338	0.9301	0.9330	0.9384	0.9411	0.459472	0.425322	0.479894	0.472271	0.422398	0.464720	0.432464	0.469736
234000	1.7132	0.2257	0.2151	0.2019	0.2152	0.2202	0.2149	0.2092	0.2110	0.9263	0.9362	0.9439	0.9338	0.9301	0.9329	0.9383	0.9411	0.459720	0.425562	0.480079	0.472472	0.422718	0.464944	0.432469	0.469905
235000	1.7130	0.2256	0.2150	0.2018	0.2151	0.2202	0.2149	0.2093	0.2109	0.9263	0.9362	0.9439	0.9338	0.9301	0.9329	0.9383	0.9412	0.459960	0.425789	0.480243	0.472659	0.423033	0.465155	0.432475	0.470063
236000	1.7131	0.2257	0.2150	0.2018	0.2152	0.2202	0.2150	0.2093	0.2110	0.9263	0.9362	0.9440	0.9338	0.9301	0.9329	0.9382	0.9412	0.460159	0.425993	0.480370	0.472811	0.423320	0.465332	0.432462	0.470183
237000	1.7126	0.2256	0.2148	0.2017	0.2151	0.2201	0.2150	0.2094	0.2109	0.9263	0.9363	0.9440	0.9338	0.9302	0.9329	0.9382	0.9412	0.460366	0.426188	0.480519	0.472968	0.423604	0.465515	0.432456	0.470301
238000	1.7128	0.2256	0.2147	0.2017	0.2150	0.2202	0.2151	0.2094	0.2110	0.9263	0.9364	0.9439	0.9338	0.9301	0.9329	0.9382	0.9412	0.460575	0.426392	0.480651	0.473125	0.423877	0.465700	0.432440	0.470429
239000	1.7128	0.2257	0.2147	0.2017	0.2150	0.2201	0.2151	0.2095	0.2110	0.9263	0.9364	0.9439	0.9338	0.9302	0.9329	0.9381	0.9412	0.460745	0.426558	0.480762	0.473258	0.424126	0.465860	0.432410	0.470536
240000	1.7127	0.2258	0.2147	0.2017	0.2149	0.2200	0.2152	0.2095	0.2109	0.9263	0.9364	0.9439	0.9338	0.9302	0.9328	0.9381	0.9413	0.460915	0.426702	0.480859	0.473377	0.424361	0.465993	0.432373	0.470626
241000	1.7125	0.2258	0.2146	0.2017	0.2149	0.2200	0.2151	0.2095	0.2109	0.9263	0.9364	0.9439	0.9338	0.9303	0.9328	0.9381	0.9413	0.461498	0.427293	0.481446	0.473916	0.424897	0.466556	0.432622	0.471258
242000	1.7124	0.2257	0.2145	0.2017	0.2149	0.2200	0.2152	0.2096	0.2108	0.9263	0.9365	0.9439	0.9338	0.9303	0.9328	0.9380	0.9414	0.461829	0.427665	0.481774	0.474234	0.425224	0.466863	0.432676	0.471643
243000	1.7122	0.2257	0.2145	0.2017	0.2149	0.2199	0.2152	0.2096	0.2108	0.9263	0.9366	0.9439	0.9338	0.9303	0.9328	0.9380	0.9414	0.462087	0.427977	0.482026	0.474460	0.425498	0.467087	0.432668	0.471950
244000	1.7120	0.2257	0.2145	0.2017	0.2149	0.2200	0.2151	0.2096	0.2107	0.9263	0.9366	0.9439	0.9338	0.9303	0.9328	0.9380	0.9415	0.462294	0.428239	0.482218	0.474626	0.425723	0.467259	0.432623	0.472180
245000	1.7121	0.2257	0.2145	0.2017	0.2149	0.2200	0.2152	0.2096	0.2107	0.9263	0.9366	0.9439	0.9338	0.9303	0.9328	0.9380	0.9415	0.462476	0.428463	0.482357	0.474751	0.425907	0.467388	0.432559	0.472361
246000	1.7121	0.2257	0.2143	0.2017	0.2149	0.2199	0.2153	0.2096	0.2106	0.9263	0.9367	0.9439	0.9338	0.9304	0.9327	0.9379	0.9415	0.462630	0.428676	0.482496	0.474855	0.426087	0.467514	0.432483	0.472530
247000	1.7117	0.2258	0.2143	0.2016	0.2149	0.2197	0.2153	0.2096	0.2106	0.9263	0.9367	0.9439	0.9338	0.9304	0.9328	0.9379	0.9416	0.462767	0.428872	0.482626	0.474949	0.426246	0.467627	0.432407	0.472683
248000	1.7119	0.2258	0.2143	0.2017	0.2149	0.2197	0.2153	0.2097	0.2106	0.9263	0.9367	0.9439	0.9338	0.9305	0.9327	0.9379	0.9416	0.462886	0.429049	0.482748	0.475031	0.426404	0.467751	0.432326	0.472809
249000	1.7119	0.2258	0.2142	0.2017	0.2148	0.2196	0.2154	0.2097	0.2107	0.9263	0.9368	0.9439	0.9338	0.9305	0.9327	0.9378	0.9416	0.463006	0.429234	0.482867	0.475123	0.426576	0.467864	0.432256	0.472957
250000	1.7119	0.2258	0.2141	0.2018	0.2149	0.2196	0.2154	0.2098	0.2106	0.9263	0.9368	0.9438	0.9338	0.9305	0.9327	0.9378	0.9416	0.463112	0.429397	0.482988	0.475189	0.426725	0.467952	0.432172	0.473074
251000	1.7117	0.2257	0.2141	0.2017	0.2148	0.2196	0.2155	0.2097	0.2105	0.9263	0.9369	0.9438	0.9338	0.9305	0.9327	0.9378	0.9417	0.463671	0.430006	0.483555	0.475702	0.427190	0.468525	0.432388	0.473524
252000	1.7114	0.2256	0.2141	0.2018	0.2148	0.2195	0.2154	0.2098	0.2104	0.9264	0.9369	0.9438	0.9338	0.9305	0.9326	0.9378	0.9417	0.463953	0.430379	0.483845	0.475973	0.427448	0.468852	0.432400	0.473732
253000	1.7114	0.2255	0.2140	0.2019	0.2148	0.2196	0.2155	0.2097	0.2104	0.9264	0.9369	0.9437	0.9338	0.9305	0.9326	0.9378	0.9418	0.464181	0.430702	0.484071	0.476174	0.427663	0.469103	0.432368	0.473877
254000	1.7114	0.2254	0.2140	0.2020	0.2149	0.2196	0.2155	0.2098	0.2103	0.9265	0.9369	0.9436	0.9338	0.9305	0.9326	0.9377	0.9419	0.464388	0.430985	0.484261	0.476339	0.427834	0.469318	0.432307	0.474002
